1.2628,0.273222
1.23738,0.23868
1.26719,0.256208
1.27103,0.223862
1.23618,0.224543
1.20959,0.236779
1.1917,0.246214
1.21777,0.214665
1.21838,0.231242
1.22143,0.214136
1.2208,0.20541
1.19372,0.2292
1.1692,0.245307
1.20261,0.250568
1.22753,0.269658
1.24449,0.250348
1.21958,0.254337
1.20614,0.262563
1.21637,0.219317
1.23817,0.229707
1.23717,0.219952
1.21262,0.246402
1.19305,0.239838
1.1803,0.245508
1.20874,0.270121
1.21442,0.245745
1.20822,0.23446
1.19834,0.260269
1.17615,0.246347
1.19389,0.24954
1.21652,0.226196
1.21538,0.237128
1.23037,0.246888
1.23846,0.277008
1.25552,0.275823
1.22122,0.267535
1.18466,0.260759
1.16881,0.260427
1.2007,0.250449
1.20665,0.258638
1.22507,0.223148
1.22342,0.250074
1.18544,0.26181
1.14587,0.276126
1.17944,0.256898
1.18751,0.240571
1.21764,0.247044
1.23219,0.241333
1.20207,0.222184
1.16642,0.248664
1.15364,0.224283
1.18401,0.243772
1.19116,0.25302
1.22777,0.264891
1.22707,0.273679
1.19689,0.259674
1.19332,0.247182
1.20813,0.262608
1.18869,0.242633
1.20698,0.253
1.21196,0.248387
1.20085,0.249485
1.17904,0.276441
1.15629,0.264014
1.16119,0.248141
1.16536,0.227234
1.19344,0.240764
1.20421,0.24758
1.19651,0.268183
1.17034,0.254681
1.13667,0.278232
1.14546,0.253954
1.17618,0.25554
1.19173,0.242645
1.20824,0.2482
1.24303,0.243522
1.28867,0.25774
1.33647,0.266046
1.25292,0.269761
1.17307,0.278695
1.08973,0.290603
1.08579,0.217349
1.15826,0.237641
1.24763,0.242881
1.29612,0.231874
1.2184,0.249585
1.13378,0.258695
1.05489,0.257126
1.0552,0.277449
1.12803,0.267775
1.1955,0.22593
1.28364,0.233917
1.27875,0.267006
1.20324,0.244614
1.12597,0.234689
1.10414,0.220307
1.13885,0.231168
1.20252,0.23341
1.27414,0.221742
1.25396,0.247918
1.17583,0.267652
1.13215,0.224971
1.14922,0.196262
1.2093,0.239023
1.28207,0.251975
1.29994,0.241253
1.25089,0.225224
1.16984,0.227787
1.13884,0.24231
1.15386,0.232802
1.22243,0.235777
1.28547,0.237141
1.30507,0.268228
1.2533,0.279434
1.17455,0.258533
1.12318,0.241267
1.13844,0.254272
1.20756,0.266747
1.25364,0.280353
1.31725,0.318117
1.2823,0.247467
1.20036,0.23136
1.17867,0.300954
1.25804,0.289643
1.34513,0.283336
1.37327,0.266714
1.31956,0.21093
1.23804,0.240032
1.17952,0.25554
1.14788,0.223552
1.18921,0.225305
1.22557,0.2234
1.27325,0.195314
1.24831,0.210649
1.22662,0.21802
1.17811,0.243878
1.16314,0.251556
1.18977,0.233293
1.22216,0.193301
1.25758,0.244907
1.26654,0.25055
1.23424,0.233436
1.19459,0.205849
1.17931,0.213996
1.20022,0.212034
1.26015,0.236804
1.30066,0.240616
1.25894,0.224285
1.20735,0.258244
1.1687,0.241097
1.15424,0.231396
1.21475,0.209877
1.25246,0.22546
1.26553,0.24721
1.22481,0.254313
1.15257,0.241697
1.11271,0.248771
1.17345,0.26781
1.22328,0.301615
1.26881,0.289967
1.27884,0.282878
1.22192,0.265505
1.18911,0.262241
1.22175,0.259652
1.27447,0.220986
1.2801,0.238791
1.24292,0.302563
1.22085,0.248179
1.15593,0.266393
1.16037,0.230442
1.18321,0.235506
1.24128,0.248207
1.24383,0.23526
1.22529,0.224316
1.19667,0.208673
1.15912,0.220337
1.14743,0.229739
1.21278,0.206068
1.2638,0.206696
1.24962,0.261135
1.24578,0.264354
1.19862,0.266904
1.16423,0.275751
1.16961,0.25682
1.1546,0.26116
1.19893,0.23364
1.26509,0.237004
1.25137,0.247326
1.18641,0.242892
1.14878,0.208223
1.1467,0.201837
1.17519,0.253066
1.17702,0.319815
1.14487,0.329421
1.08178,0.288321
1.11063,0.264706
1.16838,0.263962
1.22692,0.232928
1.23843,0.312123
1.22049,0.299306
1.18459,0.243866
1.13181,0.278951
1.17297,0.254885
1.20494,0.267119
1.23718,0.25997
1.24169,0.223067
1.18597,0.226609
1.1569,0.242031
1.16036,0.200367
1.18419,0.188605
1.20153,0.20424
1.22836,0.219393
1.22064,0.20645
1.2068,0.201379
1.17427,0.238951
1.16764,0.240008
1.19514,0.273544
1.19484,0.246194
1.21907,0.2126
1.25095,0.226197
1.21668,0.263763
1.17293,0.270863
1.14341,0.22469
1.16419,0.252432
1.21029,0.267256
1.24109,0.269486
1.26059,0.27708
1.21742,0.255344
1.17474,0.270616
1.16614,0.270678
1.18225,0.278499
1.21028,0.278342
1.25742,0.248903
1.23398,0.260885
1.20195,0.277183
1.18331,0.286877
1.19297,0.266668
1.24975,0.296994
1.26297,0.305513
1.23365,0.276692
1.18206,0.241953
1.16602,0.247157
1.20792,0.265284
1.22905,0.270822
1.21482,0.264127
1.24206,0.240498
1.21384,0.264766
1.16627,0.273483
1.1624,0.232316
1.16523,0.222239
1.21277,0.213936
1.24446,0.268506
1.21604,0.258176
1.18206,0.270538
1.17097,0.260847
1.17661,0.247208
1.18905,0.238165
1.20008,0.242868
1.24669,0.236148
1.23576,0.235804
1.22484,0.226249
1.22492,0.243106
1.20984,0.237025
1.22053,0.231876
1.2228,0.221321
1.22902,0.242597
1.21233,0.216609
1.21125,0.193851
1.21167,0.227498
1.22685,0.252622
1.21245,0.211825
1.20238,0.227244
1.23421,0.239971
1.23832,0.264357
1.21402,0.292339
1.16965,0.266075
1.15671,0.258688
1.2011,0.285786
1.22329,0.277537
1.21502,0.241943
1.15559,0.249155
1.16472,0.245031
1.19885,0.248144
1.22329,0.247753
1.23214,0.245163
1.21625,0.25483
1.20748,0.247628
1.21583,0.26643
1.21479,0.22967
1.21825,0.217865
1.20513,0.206643
1.18816,0.194373
1.19621,0.196078
1.20318,0.21145
1.20937,0.240413
1.20359,0.258228
1.19902,0.246308
1.17201,0.222815
1.19719,0.23467
1.19243,0.248892
1.19654,0.258761
1.17774,0.273985
1.15078,0.280016
1.18247,0.291618
1.22498,0.275812
1.19603,0.276404
1.17942,0.271095
1.18843,0.284732
1.19984,0.277781
1.21952,0.25749
1.19984,0.231464
1.14348,0.217114
1.15163,0.275218
1.15238,0.240758
1.18746,0.234403
1.19002,0.261041
1.20052,0.258723
1.24215,0.263653
1.23047,0.279588
1.20742,0.260649
1.16725,0.250316
1.19287,0.230486
1.22916,0.251581
1.23674,0.272834
1.20475,0.24205
1.18196,0.237399
1.16125,0.244765
1.16319,0.235697
1.19316,0.26964
1.22316,0.288953
1.23535,0.282928
1.23303,0.258192
1.22615,0.262319
1.20816,0.259949
1.2192,0.255016
1.20504,0.266905
1.213,0.263389
1.24552,0.241692
1.23765,0.226082
1.18809,0.20428
1.16993,0.22948
1.21457,0.22406
1.2218,0.23855
1.19618,0.226603
1.20286,0.22173
1.17823,0.232108
1.21124,0.234607
1.22906,0.262885
1.20164,0.244571
1.19412,0.210265
1.23982,0.261936
1.2544,0.242824
1.23328,0.233165
1.23205,0.241444
1.23867,0.240774
1.2357,0.242146
1.24719,0.280496
1.22523,0.265805
1.21669,0.243631
1.20185,0.253323
1.22482,0.245951
1.22275,0.267975
1.21603,0.279834
1.22646,0.266348
1.23108,0.268243
1.23726,0.259637
1.23078,0.286865
1.22413,0.281079
1.23781,0.285611
1.21636,0.240533
1.18773,0.258894
1.18121,0.270734
1.22748,0.280809
1.26873,0.314485
1.28316,0.31365
1.25256,0.318648
1.22352,0.272869
1.22936,0.270161
1.24497,0.276492
1.24115,0.303079
1.25244,0.280099
1.21132,0.269824
1.21258,0.267892
1.23064,0.239239
1.2451,0.260736
1.22282,0.267764
1.21613,0.29853
1.20823,0.273614
1.19521,0.247615
1.21631,0.24725
1.2068,0.266704
1.22178,0.261503
1.23817,0.277163
1.21797,0.276622
1.22903,0.249455
1.21834,0.263648
1.23882,0.289049
1.20762,0.283699
1.22674,0.291095
1.20675,0.304144
1.18616,0.295978
1.19693,0.29524
1.21388,0.277218
1.21153,0.274926
1.19664,0.297182
1.22595,0.285331
1.21134,0.284368
1.22501,0.288991
1.22396,0.270544
1.20647,0.268391
1.21153,0.288306
1.24223,0.307692
1.22981,0.310913
1.22369,0.289357
1.1973,0.307022
1.1766,0.296928
1.19105,0.286005
1.20151,0.253756
1.19346,0.259897
1.20327,0.255064
1.20861,0.276296
1.23453,0.290644
1.09796,0.258044
1.03998,0.270749
0.89892,0.280007
0.924161,0.264381
1.17987,0.322439
1.21894,0.267908
1.14645,0.269085
1.09335,0.280578
1.11026,0.368815
1.16984,0.307614
1.24071,0.327152
1.25403,0.31715
1.17546,0.297906
1.2318,0.332084
1.20744,0.340951
1.25203,0.34446
1.21629,0.326374
1.25966,0.335641
1.23413,0.322668
1.21695,0.347919
0.994576,0.0476603
0.777112,0.148802
1.21403,0.17075
1.04685,0.134711
1.06838,0.29584
1.26605,0.350064
1.27299,0.258835
1.26246,0.0944982
1.18531,-0.627351
0.815816,-1.62873
-0.303293,-2.86634
-1.78935,-4.10096
-3.27245,-4.98577
-4.55418,-5.78875
-5.09248,-6.0176
-5.08661,-5.71497
-5.04013,-5.67332
-5.25064,-5.7576
-6.00501,-5.89824
-6.85806,-6.24821
-7.56927,-6.44259
-7.83628,-6.20565
-7.67496,-5.8239
-7.16053,-5.40415
-6.89269,-5.06698
-6.89759,-4.72881
-7.14545,-4.53051
-7.19147,-4.0593
-6.84775,-3.32737
-6.19325,-2.47408
-5.69039,-1.92174
-5.7992,-1.83394
-6.47945,-2.22757
-7.73981,-2.85867
-8.87171,-3.17503
-9.68505,-3.13023
-10.181,-2.87474
-10.3605,-2.61839
-10.2506,-2.219
-10.1345,-1.66568
-10.1438,-1.18011
-10.3904,-0.728485
-10.7709,-0.499655
-11.3574,-0.369129
-11.9727,-0.396677
-12.5414,-0.457864
-13.167,-0.460287
-13.6407,-0.350223
-14.0659,-0.176719
-14.3391,-0.0106346
-14.2931,0.235242
-14.1551,0.466139
-14.2349,0.600042
-14.5172,0.760205
-14.8862,0.956216
-14.977,1.15689
-14.914,1.14129
-15.0597,1.17919
-15.3241,1.33949
-15.7134,1.63151
-16.0608,1.97238
-16.1341,2.48976
-16.1347,2.77361
-15.9968,3.14248
-15.7771,3.67405
-15.6905,4.14908
-15.601,4.45896
-15.588,4.50366
-15.473,4.54814
-15.3545,4.63043
-15.2003,4.6671
-14.8277,4.78571
-14.1046,5.04149
-13.3752,5.23289
-12.5941,5.33694
-12.0639,5.34059
-11.7736,5.07852
-11.5989,4.99233
-11.3437,5.27218
-11.1223,5.62429
-10.9116,5.73252
-10.7087,5.61979
-10.6024,5.48027
-10.5059,5.37248
-10.3577,5.37156
-10.3584,5.37731
-10.5042,5.20164
-10.5537,5.06354
-10.5256,5.17403
-10.552,5.19397
-10.5169,5.08809
-10.4954,5.11486
-10.4759,5.25031
-10.2626,5.39967
-10.1295,5.56138
-9.99379,5.75791
-9.90515,5.93095
-9.99769,6.19686
-10.266,6.22698
-10.516,6.03889
-10.7094,6.07315
-10.6756,6.31081
-10.6641,6.31198
-10.8924,6.18715
-11.0545,6.14214
-11.2417,6.19941
-11.5342,6.28711
-11.9338,6.34409
-12.0676,6.28912
-12.14,6.22702
-12.316,6.37134
-12.5754,6.47151
-12.8353,6.39299
-13.0355,6.10075
-13.3593,5.7678
-13.4967,5.62357
-13.5404,5.44648
-13.6136,5.14589
-13.7444,4.68569
-13.7718,4.38323
-13.6509,4.34426
-13.4863,4.24913
-13.2658,3.99817
-13.2441,3.44431
-13.4157,2.89535
-13.5752,2.62594
-13.6228,2.76493
-13.4662,2.89851
-13.4216,2.81064
-13.5765,2.68581
-13.7097,2.59893
-13.619,2.84204
-14.2142,1.02023
-13.7864,-0.69423
-13.3704,-2.12041
-12.7873,-3.08946
-11.7451,-3.20688
-10.6588,-2.40976
-10.0219,-1.68748
-9.92099,-1.40557
-9.39357,-1.13553
-7.91826,-0.241517
-6.17597,0.922754
-4.34937,2.09826
-2.9355,2.95843
-2.11321,3.53686
-1.39498,3.98726
-0.629634,4.29663
0.192465,4.56933
0.923093,4.64702
1.4253,4.47632
1.95164,4.22857
2.2919,4.05714
2.50716,3.90531
2.73998,3.87226
3.07786,3.94086
3.53121,4.21922
3.86366,4.64524
4.11802,4.84349
4.28959,4.82301
4.42092,4.74831
4.48091,4.76829
4.34844,4.82379
3.94198,4.73141
3.10283,4.42965
2.13819,4.12999
1.01047,3.55956
-0.0265656,2.78463
-0.797672,2.12977
-1.50167,1.47935
-2.11328,0.933537
-2.69703,0.169919
-3.22969,-0.704154
-3.66677,-1.5614
-4.08798,-2.38228
-4.20872,-2.94956
-3.95183,-3.31042
-3.38056,-3.33864
-2.88654,-3.06654
-2.43727,-2.58481
-2.15167,-2.1108
-1.8677,-1.63789
-1.53437,-1.15253
-1.10878,-0.727557
-0.489804,-0.405613
-0.0738898,-0.363357
-0.301253,-0.563667
-0.691241,-0.968586
-0.649381,-1.37589
-0.413645,-1.27845
-0.187179,-0.906802
0.0570831,-0.760221
0.163082,-0.783298
0.0697669,-0.77343
-0.0799827,-0.606178
-0.271416,-0.470656
-0.440063,-0.322005
-0.298069,-0.0857306
-0.150344,0.20289
-0.107235,0.695107
-0.102637,1.15908
-0.147063,1.49104
-0.0507503,1.68837
0.226278,1.76836
0.635693,2.31823
1.37424,2.93631
2.00222,3.33303
2.60267,3.62899
3.00017,3.87992
2.80422,3.82523
2.25915,3.7829
1.84914,3.66573
1.75035,3.3898
1.82299,3.6074
1.76319,3.73217
1.50071,3.18304
1.14083,2.60948
0.83886,2.50396
0.727161,2.65491
0.506844,3.10538
0.672608,3.34821
0.916232,3.07921
1.21536,3.30727
1.47319,3.45214
1.63708,3.48071
1.86501,3.57917
2.03659,3.81068
2.27358,4.31821
2.79958,5.41488
3.20596,5.61366
3.60346,5.43713
3.86982,5.42384
3.78535,5.18654
3.02242,5.12415
2.62851,5.85433
2.66651,6.32144
2.49978,6.00627
1.91422,4.95004
1.69148,4.30281
1.68894,3.85189
1.62129,3.43308
1.83959,3.39483
2.10804,3.65265
2.37718,4.32035
2.79309,4.5823
3.00267,4.39163
3.00746,4.2294
2.81552,4.07436
2.55582,4.09611
2.11042,4.37648
1.39641,5.31277
0.4495,6.29595
-0.226902,6.28934
-0.790781,6.3146
-1.38568,7.10194
-2.27031,8.15886
-3.24962,9.26027
-3.75035,9.83475
-3.97633,10.111
-4.18709,10.2626
-4.08471,10.3015
-3.5253,9.9189
-2.96922,9.33325
-2.58032,8.77434
-2.12769,8.26728
-1.76005,7.94103
-1.38492,7.80222
-0.939842,7.66715
-0.630405,7.43956
-0.0620519,7.15138
0.683259,6.79899
1.28718,6.48859
1.87248,6.24007
2.43459,5.84127
2.76253,5.01043
3.08186,4.35408
3.34916,4.36003
3.05226,4.77506
2.77667,5.02806
2.74302,4.76178
2.70082,4.42583
2.44968,4.58313
2.06942,5.20286
1.55461,5.72506
0.834548,5.96912
0.185933,5.80238
-0.229181,5.39366
-0.0878606,4.49292
0.364955,3.48065
0.679303,2.72572
0.712894,2.20811
0.578077,1.81952
0.684623,1.40836
0.844942,0.999686
1.0944,0.982099
1.32379,0.918639
1.47217,0.805421
1.37297,0.747524
1.1367,0.592002
1.0142,0.124461
1.14176,-0.433074
1.28468,-0.876936
1.12992,-1.26259
0.945317,-1.6026
0.888963,-2.09123
1.04761,-2.78853
1.31222,-3.34787
1.62811,-4.02935
1.81798,-4.60728
1.71479,-4.66824
1.42117,-4.39864
1.00094,-3.64559
0.333358,-2.18506
-0.5599,-0.250678
-1.21133,1.11559
-0.488272,3.57626
0.280989,6.75873
1.119,9.6323
1.7355,10.968
1.86448,10.8343
1.75188,10.3703
1.42391,9.79369
0.646992,8.57565
0.103865,7.26209
-0.272215,6.07645
-1.22899,4.66741
-2.17604,3.55277
-2.58366,3.00523
-2.82103,2.46191
-3.11377,1.90253
-3.45003,1.40601
-3.75197,0.875161
-4.12379,0.103615
-4.32939,-0.945051
-4.3762,-1.69304
-4.55505,-2.28781
-4.82104,-2.76632
-4.82982,-3.06906
-4.58166,-3.32163
-4.22829,-3.61107
-3.92371,-4.05075
-3.66018,-4.7389
-3.64117,-5.52715
-3.84894,-6.42471
-3.64241,-6.80434
-3.14317,-6.74277
-3.04843,-6.56846
-3.03345,-6.60757
-3.09364,-7.05487
-3.3844,-7.89143
-3.57778,-8.46959
-3.5732,-8.39354
-3.32403,-7.7547
-3.05425,-7.0354
-2.88889,-6.16385
-2.61178,-5.30721
-2.16695,-4.2306
-1.84263,-3.46791
-1.42847,-2.92244
-1.0886,-2.75678
-0.87963,-2.97722
-0.488505,-3.53708
0.0958163,-3.92879
0.927777,-3.82306
2.01053,-3.3491
2.52068,-3.24167
2.78543,-3.6081
3.22817,-3.65652
3.33041,-3.70242
3.1253,-4.235
2.68196,-4.79434
2.16027,-5.22853
1.83302,-5.48108
1.57947,-5.78004
1.27586,-5.97523
1.21588,-5.85782
1.43048,-5.64419
1.7094,-5.34838
1.89533,-4.98694
1.98243,-4.70416
1.78354,-4.74584
1.52296,-4.89963
1.31288,-5.03578
1.40642,-4.91073
1.72106,-4.5435
2.0196,-4.24965
2.20995,-3.84381
2.39074,-3.00187
2.50774,-2.2968
2.46388,-2.07883
2.39725,-2.04146
2.4468,-1.79481
2.11197,-1.2528
2.08726,-0.822837
2.07347,-0.623404
2.18521,-0.280646
2.205,-0.316743
1.88454,-0.611543
1.66231,-0.91791
1.51567,-1.34483
1.53492,-1.67361
1.53099,-2.06677
1.35693,-2.72737
0.855166,-2.76868
0.765188,-2.3806
1.14436,-1.99343
1.36495,-1.53593
1.32765,-0.776105
1.07542,-0.154814
0.795083,0.202882
0.506618,0.297571
0.387229,0.459392
0.556759,1.11106
0.699845,1.5288
0.873416,1.92426
0.747423,1.59556
0.388777,1.07607
0.54421,1.30929
0.714328,1.38138
0.867775,1.40811
0.801502,1.5198
0.585248,1.77244
0.273051,2.00716
0.10899,2.05789
0.00969078,2.095
-0.211699,2.02426
-0.512268,1.78294
-0.802607,1.45344
-1.15278,0.903225
-1.3805,0.287538
-1.59365,-0.434232
-1.71808,-0.88441
-1.68427,-0.934254
-1.37465,-0.79977
-1.01906,-0.832488
-0.823619,-1.12326
-0.537011,-1.46432
-0.221123,-1.73662
-0.00933832,-1.35864
0.228727,-0.95184
0.47208,-0.622983
0.704423,-0.209886
0.850727,0.293177
0.927917,0.879996
0.854695,1.48179
0.846464,1.97057
1.07916,2.13549
1.50731,2.12082
2.02667,2.10678
2.53457,2.22216
2.94302,2.40024
3.3938,2.47554
3.74005,2.35926
4.03797,2.2406
4.29985,2.18189
4.44189,2.1302
4.37669,2.14004
4.13176,2.1999
3.76565,2.36496
3.57379,2.49863
3.60003,2.35039
3.70243,2.12897
3.76379,2.02873
3.76716,2.07398
3.78331,2.34503
3.81404,2.65329
3.84288,2.8805
3.90505,2.94754
3.92477,2.80087
3.99819,2.53208
4.04846,2.30634
4.05423,2.02603
4.06991,1.97899
4.15885,1.81072
4.30665,1.5801
4.39267,1.41663
4.43589,1.44446
4.53485,1.4508
4.69693,1.42706
4.76659,1.36523
4.89646,1.33238
5.12358,1.23517
5.50207,1.21295
5.87182,1.17786
6.11644,1.16133
6.2547,1.24128
6.33407,1.20165
6.41952,1.06919
6.59802,1.03521
6.72321,1.04662
6.62028,1.35316
6.31358,1.88997
5.82608,2.37567
5.37378,2.63787
5.1867,2.6039
5.34732,2.23751
5.62895,1.83243
5.79318,1.54218
5.67606,1.47728
5.33605,1.55837
4.90141,1.62591
4.59178,1.69721
4.37952,1.78396
4.18347,1.88094
3.97054,1.95361
3.737,2.00072
3.6144,1.89368
3.60074,1.60886
3.7165,1.29432
3.88397,1.00585
4.04415,0.855245
4.1849,0.840443
4.40122,0.915601
4.77489,1.09401
5.10177,1.30031
5.47598,1.60978
5.64972,1.94883
5.48146,2.46476
4.96441,3.08489
4.33444,3.46797
3.42104,3.67734
2.44558,3.76305
1.4552,3.72574
0.403633,3.5118
-0.33709,3.05536
-0.901242,2.46491
-1.25094,1.88245
-1.36629,1.47975
-1.36677,1.07325
-1.30966,0.755622
-1.30346,0.46543
-1.26743,0.240981
-1.1252,0.0837415
-0.875755,-0.0510802
-0.640641,-0.129995
-0.492548,-0.182308
-0.494212,-0.165724
-0.450169,-0.161459
-0.108296,-0.276871
0.433143,-0.425452
1.0348,-0.46667
1.68086,-0.423531
2.22707,-0.496431
2.56307,-0.658826
2.54123,-0.758762
2.55121,-0.742616
2.76512,-0.727398
3.03486,-0.680067
3.14897,-0.586824
3.09836,-0.272987
3.09532,0.142028
3.12349,0.535247
3.1862,0.791773
3.43834,0.908757
3.81044,0.887872
4.18405,0.987802
4.42645,1.08376
4.48281,1.02919
4.58058,0.827711
4.71684,0.490571
4.75895,0.337025
4.83935,0.415388
5.32484,0.543522
6.01614,0.515196
6.53815,0.487118
6.46249,0.690333
6.06834,1.17171
5.60397,1.62752
5.28976,2.21925
5.36117,2.71125
5.71455,2.76736
5.9329,2.75308
5.77013,2.93861
5.22069,3.24431
4.37475,3.74972
3.70754,4.24499
3.17018,4.64239
2.86883,4.71527
2.71662,4.33147
2.6809,3.5518
2.70628,2.85491
2.64976,2.42852
2.55429,2.00865
2.67355,1.59606
2.98201,1.12903
3.27164,0.672809
3.30712,0.358326
3.17299,0.241379
3.06803,0.271042
2.83754,0.226797
2.17716,0.22391
1.29665,0.440406
0.399186,0.97016
0.0291021,1.44316
-0.020648,1.7534
-0.237626,1.84954
-0.782426,1.69926
-1.61279,1.38981
-2.18173,1.18789
-2.6433,1.04266
-3.23799,0.728198
-3.79591,0.164596
-4.23509,-0.547821
-4.46452,-1.34127
-4.42754,-2.05023
-4.14424,-2.79198
-3.63489,-3.48077
-2.93049,-4.22491
-2.17435,-4.88422
-1.65931,-5.20724
-1.41012,-5.24915
-1.50022,-4.97989
-1.75785,-4.49179
-2.05959,-3.82398
-2.21782,-3.18965
-2.26,-2.59588
-2.26817,-2.26083
-2.4548,-1.9918
-2.71119,-1.71908
-3.12319,-1.51794
-3.79009,-1.40749
-4.39404,-1.36568
-4.63003,-1.04719
-4.62147,-0.484335
-4.67417,-0.1244
-4.85642,-0.116961
-5.11785,-0.561761
-5.30992,-1.05006
-5.40313,-1.30279
-5.44529,-1.17206
-5.35278,-0.83239
-5.01642,-0.675119
-4.64163,-0.852355
-4.32908,-1.23358
-4.22565,-1.509
-4.16587,-1.59403
-4.03696,-1.55535
-3.82307,-1.47583
-3.49465,-1.2552
-3.21301,-0.958711
-3.02664,-0.646476
-2.98172,-0.271165
-3.15419,0.00282699
-3.50999,0.0153143
-3.70718,-0.148272
-3.5325,-0.00391324
-3.18448,0.35358
-2.9131,0.607529
-2.78685,0.761354
-2.7928,0.909125
-2.7634,1.04607
-2.59399,1.11921
-2.32059,1.0939
-2.01819,1.04827
-1.82491,1.07472
-1.77418,1.11887
-1.78319,1.02716
-1.66872,0.839748
-1.3801,0.688172
-1.01484,0.575921
-0.703633,0.530673
-0.362857,0.546596
-0.0483227,0.721882
0.183037,1.08591
0.196107,1.50236
0.179019,1.81536
0.204009,2.10069
0.0216035,2.36384
-0.394169,2.52874
-1.08866,2.4418
-1.65353,2.0544
-2.05897,1.53005
-2.35508,1.24222
-2.74638,1.32978
-3.28294,1.73234
-3.72311,2.02608
-4.05966,2.14778
-4.14452,2.11081
-4.09323,2.02819
-4.08206,1.95556
-4.141,1.96432
-4.24167,2.02237
-4.29875,2.0827
-4.37347,2.0753
-4.52731,1.96141
-4.74126,1.79049
-5.00901,1.58699
-5.32436,1.11609
-5.49268,0.76908
-5.643,0.638227
-5.9259,0.665024
-6.24589,0.731148
-6.47799,0.728729
-6.42572,0.762013
-6.25762,0.810261
-5.97496,0.832855
-5.52819,0.834205
-4.89191,0.820572
-4.40444,0.942923
-4.05264,1.26562
-3.8308,1.73944
-3.70971,2.11998
-3.61911,2.55598
-3.53819,2.98839
-3.43886,3.33744
-3.2829,3.49592
-3.07834,3.47307
-2.91343,3.50014
-2.99775,3.53759
-3.0802,3.42949
-3.21797,3.34801
-3.55389,3.33139
-4.09794,3.20116
-4.76328,2.77694
-5.24056,2.4503
-5.63749,2.49185
-5.87374,2.77536
-6.09847,3.20706
-6.20184,3.56407
-6.16155,3.75004
-5.98939,3.7951
-5.70906,3.82208
-5.4488,3.88424
-5.21064,4.09803
-5.00198,4.3403
-4.77334,4.52914
-4.52203,4.62152
-4.29306,4.63471
-4.07393,4.65144
-3.96077,4.69993
-3.90748,4.68154
-4.01318,4.40806
-4.31421,3.9714
-4.74761,3.62007
-5.038,3.49644
-5.25364,3.35998
-5.4829,3.0297
-5.73416,2.66258
-5.81878,2.28035
-5.72529,2.02547
-5.62217,1.81264
-5.62729,1.60636
-5.6026,1.29522
-5.11187,0.753465
-4.28612,0.2311
-3.6241,-0.226461
-3.2184,-0.540042
-3.4027,-0.543422
-3.97952,-0.339607
-4.69031,-0.142873
-5.00085,-0.242107
-4.93764,-0.412162
-4.94083,-0.452978
-5.13463,-0.356879
-5.4821,-0.313041
-5.65866,-0.348632
-5.56939,-0.419129
-5.29055,-0.618021
-4.96202,-0.924173
-4.82965,-1.21139
-4.84722,-1.4678
-4.88379,-1.84185
-4.87118,-2.21166
-4.90164,-2.50806
-4.92746,-2.72692
-4.80466,-2.88165
-4.6037,-3.14622
-4.42362,-3.35273
-4.34488,-3.36869
-4.39777,-3.29189
-4.48596,-3.19895
-4.57469,-3.09379
-4.64584,-2.89486
-4.7029,-2.70824
-4.78689,-2.52979
-4.86392,-2.40559
-4.961,-2.34174
-5.13856,-2.30127
-5.40314,-2.14153
-5.69809,-1.74855
-5.7873,-1.28331
-5.68585,-0.946209
-5.56276,-0.896607
-5.53569,-0.940782
-5.59033,-0.762126
-5.62977,-0.232804
-5.60168,0.371059
-5.56109,1.06257
-5.66324,1.58479
-5.85644,2.02641
-6.03709,2.25178
-5.98955,2.63661
-5.78639,3.20027
-5.52804,3.56288
-5.17674,3.43231
-4.68888,2.80694
-4.1082,2.19615
-3.2665,1.75111
-2.45516,1.66505
-1.90121,1.70539
-1.96743,1.72407
-2.20482,1.75726
-2.19346,2.02792
-2.10603,2.5069
-2.32665,2.90665
-2.97837,2.89255
-3.36851,2.64997
-3.27874,2.40626
-3.1155,2.2886
-3.22184,2.34295
-3.23017,2.33003
-2.62454,2.07832
-1.85841,1.81214
-1.40048,1.76705
-1.32836,1.93499
-1.40423,2.21318
-1.4576,2.53257
-1.43352,2.92758
-1.36313,3.20347
-1.26839,3.29753
-1.11444,3.22851
-1.09039,3.07523
-1.26168,2.77193
-1.3811,2.10519
-1.16999,1.18198
-0.890968,0.157274
-0.746596,-0.544381
-0.631832,-1.16906
-0.7411,-1.47715
-1.02164,-1.28535
-1.40654,-0.814992
-1.8322,-0.457462
-2.09698,-0.36259
-2.16303,-0.440455
-2.09739,-0.512848
-1.92767,-0.469918
-1.46511,-0.203049
-0.850891,0.268755
-0.0926754,1.08047
0.433655,1.822
0.81483,2.47624
1.09277,2.84725
1.22453,3.00863
1.35127,3.09087
1.68019,3.05302
2.17596,3.01527
2.58534,3.17532
2.80196,3.68881
2.8957,4.51152
2.99584,5.24517
3.06137,5.73899
2.77295,6.26094
2.17289,6.65169
1.50297,6.73036
1.10496,6.49946
1.05267,6.16748
1.27291,5.82316
1.72948,5.55015
2.10781,5.29549
2.31996,5.11379
2.39034,5.22834
2.57379,6.01149
3.0453,6.57617
3.50718,6.59805
3.76143,6.21042
3.88801,5.99373
3.87395,5.95751
3.96465,5.80503
3.92482,5.82185
2.99439,6.08422
1.88666,6.56344
1.38538,7.08573
1.6215,6.42194
1.94152,5.40179
1.85355,4.6572
1.38167,4.38307
0.985066,4.88833
1.14536,5.43283
1.54425,5.13435
1.91355,4.69457
1.96307,4.53022
1.89688,4.65254
2.11514,5.26838
2.2673,5.38493
2.39745,5.01564
2.86017,4.45874
3.4901,4.02149
4.00161,3.78777
4.54578,3.84026
5.07469,3.85865
5.37339,3.88092
5.45269,3.9639
5.37967,4.09838
5.23672,4.21522
5.08378,4.23525
4.79746,4.08522
4.49205,4.28587
4.2535,4.66939
3.98941,4.8656
3.40071,5.11012
2.84916,5.23925
2.67473,5.03265
2.77337,4.56333
3.05453,4.12941
3.47442,3.93181
4.02052,3.78074
4.37115,3.8463
4.52297,4.16499
4.61728,4.4367
4.80842,4.43202
5.24697,4.3983
5.56477,4.53791
5.75384,4.8123
6.07089,4.66693
6.41781,4.44912
6.12189,4.9037
5.4094,5.53672
4.76583,5.69363
4.82432,4.78914
5.30491,3.69923
5.4257,2.97234
5.07249,2.95789
4.58339,3.24577
4.11019,3.50336
3.83409,3.57031
3.85391,3.42583
4.08619,3.04021
4.36918,2.66219
4.57587,2.53395
4.63286,2.57425
4.59776,2.66928
4.59184,3.0193
4.54725,3.34627
4.53854,3.62529
4.54167,3.64154
4.39454,3.50348
4.21363,3.39857
4.13594,3.27714
4.10996,3.07123
4.04031,2.9521
3.93964,2.92151
3.87582,2.9928
3.78347,3.10056
3.66885,3.21422
3.59539,3.10773
3.58146,2.87849
3.42848,2.68465
3.20344,2.66014
3.08317,2.7712
2.97274,2.72736
2.75447,2.69005
2.4891,2.60168
2.35972,2.43362
2.42542,2.32251
2.56307,2.13788
2.52933,1.92016
2.3145,1.78765
2.01944,1.82205
1.72367,1.87579
1.59259,1.63838
1.60667,1.37235
1.51924,1.34809
1.35419,1.63924
1.10116,1.81868
0.748441,1.7548
0.459113,1.60661
0.268945,1.55071
0.149874,1.55782
0.0789296,1.56902
-0.0358455,1.56472
-0.205415,1.55931
-0.448431,1.68799
-0.595708,1.90171
-0.62039,2.08031
-0.669792,2.19953
-0.687374,2.29087
-0.620212,2.32369
-0.588629,2.40025
-0.754763,2.50021
-1.01158,2.5922
-1.12042,2.55306
-0.875737,2.36446
-0.351616,2.00503
0.0335779,1.73815
0.254537,1.7701
0.533029,1.98122
0.987229,2.12313
1.63431,2.10678
2.11887,2.13324
2.50577,2.34625
2.87996,2.5587
3.32031,2.58258
3.96198,2.41979
4.59237,2.25401
5.01685,2.06836
5.27025,1.98564
5.50269,1.96581
5.752,1.96725
5.7937,2.08709
5.75613,2.13776
5.79118,1.93359
6.05105,1.56538
6.38451,1.26827
6.52078,1.17748
6.58193,1.20319
6.73102,1.17047
6.83952,1.09869
6.81851,1.23933
6.66396,1.54154
6.58466,1.81055
6.6274,1.81778
6.72616,1.61795
6.73466,1.43934
6.44325,1.28359
5.97521,1.17411
5.38889,1.05501
4.75947,0.891572
3.89776,0.670939
3.01868,0.629755
2.35517,0.676142
1.82563,0.593703
1.58845,0.39488
1.47019,0.166105
1.45165,0.134412
1.34434,0.0252505
1.3062,-0.0266318
0.743472,-0.0616914
-0.389382,0.182007
-0.540919,0.229577
-0.735994,0.391755
-0.703422,0.50707
-0.521722,0.548796
-0.351902,0.576442
-0.130542,0.717658
0.0330647,0.810511
0.141705,0.790702
0.200921,0.741743
0.30342,0.755358
0.695186,0.736641
1.19078,0.473675
1.83681,0.102338
2.44055,-0.192783
2.88039,-0.169533
3.37983,0.116087
3.7995,0.416367
4.23024,0.622275
4.6646,0.796018
5.0003,0.979835
5.43283,1.18789
5.846,1.48299
6.14547,1.75785
6.3926,1.98266
6.57276,2.20433
6.71947,2.4386
6.72812,2.81083
6.6131,3.07968
6.45605,3.21484
6.39231,3.312
6.42579,3.33852
6.46201,3.25594
6.50893,3.28044
6.61364,3.41929
6.60317,3.54919
6.52212,3.63677
6.40034,3.636
6.25488,3.7528
6.09166,3.88802
5.96763,3.90128
5.80909,3.90026
5.6578,3.95379
5.47367,4.06432
5.18373,4.11192
4.81775,3.98909
4.58808,3.86292
4.52916,3.82552
4.3891,3.3082
4.12549,2.66124
3.60193,2.55641
2.48495,3.0048
1.21516,3.45042
0.526258,3.26881
0.212105,2.82217
0.0752487,2.66064
-0.223302,2.74986
-0.636496,2.64463
-0.57167,2.05469
-0.519618,1.66594
-0.878512,2.00954
-1.38919,2.38197
-1.75346,2.37365
-1.89818,2.2165
-2.06974,2.17381
-2.20145,2.31107
-2.09602,2.41644
-1.80106,2.49192
-1.44785,2.64718
-1.30703,2.86529
-1.18025,3.07199
-0.91655,2.92482
-0.729831,2.79093
-0.629412,2.87105
-0.555677,3.00391
-0.34809,3.01976
0.0298471,3.11158
0.435306,3.18063
0.788213,3.14605
1.08703,3.14398
1.50403,3.12921
2.0401,2.88546
2.49281,2.73135
2.89131,2.7487
3.34666,2.70282
3.57085,2.57184
3.73939,2.43299
4.00238,2.43488
4.70784,2.37216
5.3946,2.31943
5.49332,2.73494
5.64627,3.47139
6.19161,3.98549
6.625,4.55679
6.25675,4.58621
6.14575,4.30103
6.92228,4.39047
6.99067,4.60811
6.44775,4.9845
6.57047,5.13759
6.80279,5.00939
6.69369,4.76647
6.42155,4.77396
6.61942,4.52993
7.14269,4.00065
7.27057,3.7767
7.46848,3.74166
7.71368,3.95639
7.58004,4.37946
7.65504,4.58388
8.16073,4.60495
8.4819,5.01491
8.35094,5.62677
8.02487,6.2807
7.99983,6.41726
8.04756,6.63221
8.13242,6.71726
8.10146,6.82262
7.85364,6.93321
7.59334,7.0221
7.53354,6.93426
7.76522,6.74317
8.03684,6.59245
8.26816,6.18758
8.34216,5.70626
8.45781,5.37677
8.70767,4.99435
8.99465,4.55582
9.11775,4.25533
9.06386,4.14138
8.86579,4.13084
8.51672,4.19925
8.09403,4.24517
7.78304,4.2176
7.51943,4.0474
6.99345,3.77972
6.1513,3.50343
5.28838,3.24357
4.48744,2.89485
4.05031,2.62948
3.68503,2.39416
3.2185,2.44674
2.78717,2.7447
2.3872,3.16947
2.17708,3.46243
2.1809,3.57184
2.40221,3.2861
2.53722,3.0909
2.54928,3.11124
2.32506,3.23615
1.92405,3.37005
1.62779,3.32473
1.69471,3.01495
1.96349,2.43879
2.16895,1.83768
2.14994,1.54564
2.03958,1.42775
2.13496,1.28953
2.4329,1.03903
2.67769,0.803146
2.84118,0.77774
3.10945,0.897889
3.39527,1.07057
3.66479,1.21781
3.70413,1.23806
4.08651,1.3598
4.42195,1.34855
4.83966,1.25986
5.45995,1.04844
5.96981,0.823671
6.35383,0.564273
6.6982,0.416974
7.04834,0.319297
7.61252,0.142509
8.26312,-0.102789
8.87383,-0.328568
9.25486,-0.357244
9.23103,-0.044794
9.13778,0.606023
9.3059,1.02384
9.51531,1.22696
9.56491,1.48206
9.64823,1.82887
9.90261,2.17147
10.1818,2.39741
10.269,2.55751
10.2736,2.78513
10.2761,2.96545
10.2926,3.05731
10.2859,3.08054
10.1849,3.09566
10.0969,3.10926
10.047,3.03644
9.95096,2.95914
9.8482,2.90168
9.78112,2.94366
9.67069,3.00572
9.57285,2.94872
9.59459,2.91206
9.63592,2.69354
9.60819,2.28266
9.51543,1.82938
9.27691,1.46972
8.96195,1.30217
8.71991,1.20515
8.61552,1.10715
8.47634,1.02405
8.15032,0.935311
7.68967,0.91408
6.99203,1.02032
6.28276,1.1819
5.62757,1.29793
5.13469,1.24439
4.78403,1.13144
2.01761,1.62379
1.62665,1.53918
1.46133,1.44338
1.38966,1.39663
1.46396,1.42123
1.67232,1.47589
1.97414,1.55854
2.41022,1.49419
2.80204,1.29616
3.17909,1.19037
3.50877,1.22762
3.9729,1.30616
4.55604,1.31249
5.1138,1.20895
5.66014,1.22098
6.11382,1.32061
6.61131,1.37473
7.05889,1.61087
7.48861,2.01605
8.09659,2.47284
8.65282,2.62645
9.00229,2.71314
9.09623,3.04329
9.30241,3.30478
9.83754,3.27574
10.4328,3.09225
10.705,3.04001
10.5624,3.34572
10.3276,3.73635
10.4126,3.95338
10.8974,3.80861
11.3614,3.63475
11.6467,3.5515
11.5463,3.5861
11.1673,3.59251
10.7955,3.48792
10.6418,3.36198
10.4828,3.21879
10.1915,3.27303
9.82725,3.59928
9.48432,3.7708
9.33197,3.80201
9.2841,3.80052
9.25172,3.89187
9.2071,4.09994
9.15998,4.37852
9.22396,4.513
9.34413,4.49385
9.45372,4.44298
9.49272,4.56322
9.35406,5.0097
9.18793,5.48499
9.15754,5.75793
9.39732,5.52483
9.70788,5.18205
9.91049,5.02586
9.73884,5.17217
9.43622,5.56579
9.16978,6.00903
8.84933,6.39158
8.54019,6.53123
8.40673,6.33964
8.47084,6.26588
8.54343,6.40375
8.59433,6.46489
8.54201,6.45166
8.38383,6.39604
8.30487,6.23187
8.36703,6.12533
8.45034,6.10727
8.4712,6.12306
8.44534,6.02847
8.38052,5.94212
8.14487,6.03756
7.8625,6.27494
7.80851,6.43915
7.93576,6.29834
7.98738,6.08073
7.88565,5.91306
7.67706,5.96743
7.46662,6.08771
7.44554,6.29201
7.50973,6.41004
7.40937,6.521
7.19395,6.56507
6.99058,6.4029
7.02661,6.18234
7.286,5.97252
7.53045,5.6464
7.63325,5.25945
7.7463,5.0688
7.90722,5.14609
7.91218,5.36496
7.76213,5.69925
7.62516,6.02827
7.62166,6.16237
7.69973,6.15418
7.84246,6.06006
8.01704,5.83646
8.16396,5.5687
8.19277,5.56695
7.98444,5.85523
7.75437,6.08145
7.69195,6.19137
7.75081,6.24303
7.78192,6.19196
7.77273,5.99761
7.69633,5.83195
7.57752,5.7892
7.36727,5.70346
7.13631,5.67079
6.92239,5.67911
6.70833,5.45835
6.51721,5.09107
6.25924,4.74779
5.95604,4.48337
5.52882,4.02679
5.06812,3.42852
4.72048,2.96165
4.31016,2.51541
3.85024,2.28574
3.212,2.18856
2.57503,2.07669
2.04884,1.92704
1.54854,1.73798
1.35124,1.65367
1.37418,1.56634
1.36746,1.37163
1.15415,1.23871
0.783635,1.17662
0.510856,1.13527
0.749406,0.88459
1.33712,0.241581
1.73647,-0.282383
1.83096,-0.48108
1.60843,-0.170072
1.36659,0.370527
1.45713,1.01312
1.79847,1.45347
2.24138,1.7742
3.01993,1.72617
3.98353,1.09374
5.01137,0.32488
5.8098,-0.0229519
6.38385,-0.0292921
6.81447,0.244421
6.99941,0.595366
7.05722,0.878944
7.02767,1.05143
7.03077,1.12456
7.21967,1.23303
7.2912,1.52894
7.11984,1.98044
6.76852,2.57875
6.31843,3.0975
5.77185,3.43248
5.27797,3.74581
4.66464,4.3201
3.72506,5.02578
2.55326,5.54874
1.0316,5.6667
-0.360417,5.04339
-1.45514,4.05879
-2.00234,3.22812
-2.17585,2.94391
-2.16859,3.03457
-2.15374,3.15367
-2.20849,3.01533
-2.18188,2.72876
-1.91395,2.45932
-1.3743,2.30108
-0.569162,2.37038
0.0753285,2.65439
0.652672,3.23277
1.19195,3.99406
1.84514,5.09804
2.45569,6.60798
2.66194,8.11485
2.17588,10.1375
1.21919,12.1594
0.121778,14.3676
-0.629915,16.2178
-0.853615,17.2723
-0.835019,17.613
-0.827373,17.328
-1.13628,16.7713
-1.62403,15.6949
-1.56086,14.2328
-0.873697,12.2381
-0.19438,9.97118
0.107455,8.11948
0.232129,6.99875
0.258094,6.36508
0.416309,5.68715
0.680577,4.85908
0.978246,4.08654
1.48664,3.26552
2.00219,2.26711
2.3616,1.38415
2.34942,0.773382
2.01462,0.598048
1.51835,0.625393
1.18326,0.573303
1.01621,0.454257
1.0053,0.419323
0.997084,0.529233
0.937457,0.688298
0.795904,0.812836
0.75486,1.07179
0.863167,1.39926
1.06843,1.69459
1.33316,2.09944
1.48041,2.50599
1.56462,2.77351
1.75258,2.98987
2.0745,3.00961
2.55298,2.99203
2.93596,3.07491
3.14625,3.27295
3.29516,3.57691
3.45034,3.90697
3.69562,4.31051
3.9655,4.68382
4.3906,4.87436
5.04916,5.13249
5.54785,5.51957
5.63432,6.04434
5.37874,6.46486
5.20695,6.55757
5.2476,6.50054
5.44689,6.4018
5.68443,6.11394
5.77854,5.78198
5.67125,5.58943
5.8349,5.63272
6.26869,5.85902
6.6473,6.31558
6.78424,7.20304
6.76502,8.14462
6.63401,9.21748
6.31918,10.1788
6.01629,10.651
5.85,10.4909
5.86942,9.70825
6.03085,8.42072
6.34136,6.80935
6.36329,5.41557
6.01552,3.93883
5.44951,2.3499
5.05368,0.950661
4.83421,-0.284831
4.77489,-1.27172
5.02797,-2.83124
5.52231,-4.96803
5.59969,-6.72532
5.27633,-8.20501
5.34508,-9.50807
5.71527,-10.8995
5.84592,-12.0383
5.54959,-12.6212
4.93066,-13.043
4.36897,-13.2062
3.67346,-13.4253
2.69147,-13.6044
1.71759,-13.6479
1.09802,-13.9763
1.00552,-14.5631
1.15147,-14.8767
1.3173,-13.9751
1.40351,-11.7498
1.32638,-8.90333
1.11809,-6.44411
1.31024,-4.57749
1.81885,-2.71734
2.27198,-0.946038
2.98965,0.538328
3.90052,1.58178
4.29328,2.2471
4.32458,3.0089
4.31313,3.821
4.55944,4.56981
4.99411,4.9616
5.23239,4.94602
5.21818,4.91336
5.09292,4.76953
5.18538,4.42462
5.57828,3.91186
5.91689,3.49062
6.17448,3.33103
6.38934,3.41619
6.52485,3.51108
6.70545,3.57273
6.83642,3.62435
7.03124,3.50696
7.38051,3.27335
7.52889,3.15611
7.43447,3.23286
7.40931,3.33418
7.62199,3.16433
7.73553,3.05441
7.66889,3.04485
7.61224,3.13105
7.54557,3.27848
7.49646,3.30489
7.47626,3.17817
7.39339,3.08759
7.25716,3.07531
7.07677,3.1954
6.91083,3.37519
6.80031,3.55427
6.62509,3.71726
6.29254,3.9032
5.91279,3.99588
5.78509,3.96697
6.06794,3.6346
6.36387,3.32313
6.43128,3.21336
6.21051,3.09815
6.00039,2.86747
6.29203,2.28418
7.20506,1.69658
8.12361,1.45177
8.34288,1.95656
8.03305,2.83909
7.67594,3.40159
7.4779,3.47302
7.42513,3.45326
7.30187,3.68694
7.08442,4.00847
6.73852,4.14725
6.33317,3.96145
6.09048,3.79213
5.83418,3.79758
5.65602,3.93546
5.37875,4.1781
5.09081,4.3248
5.11117,4.11441
5.22448,3.73435
5.2587,3.66995
5.29686,3.99467
5.3194,4.49487
5.44491,4.86679
5.47941,5.11811
5.48185,5.1971
5.32474,5.10128
5.01659,5.1274
4.72382,5.12581
4.61873,5.0871
4.39337,4.96908
4.39116,4.48324
4.53905,4.11435
4.47438,3.586
3.90045,3.17285
3.3315,3.26428
3.04098,3.78122
2.95638,4.17757
2.58752,4.16956
1.72789,4.05058
0.95593,4.23683
0.485586,4.86755
0.193451,5.52566
-0.20907,5.93504
-0.66274,6.06045
-0.702869,5.97623
-0.615827,5.5937
-0.796528,5.1605
-1.1033,5.03302
-1.00715,5.08271
-0.127326,4.84915
-0.167902,4.7306
-0.666564,4.49309
0.111107,3.86747
1.33427,3.38732
1.72587,3.90468
1.80763,4.48942
2.35903,4.27382
3.12936,3.83394
3.35744,3.78088
3.75947,3.79254
4.32707,3.78413
4.93383,3.53494
5.00299,3.49674
5.49173,3.36971
5.98304,3.54922
6.40069,3.90026
7.0707,4.07128
7.78006,3.9603
8.19562,3.67149
8.41344,3.4383
8.70637,3.38863
8.91125,3.31639
9.0485,3.03841
9.40032,2.41034
9.69911,1.9028
9.92783,1.55887
9.87489,1.73669
10.0316,2.07833
10.8423,1.61326
11.1354,1.26369
10.998,1.01011
11.0457,0.621987
10.8277,0.451877
9.93183,0.977974
9.52943,1.40724
9.66811,1.22733
9.27846,1.37404
8.52456,1.71937
8.01977,1.86179
7.53081,1.94946
7.3541,1.97636
6.91724,1.99527
6.53942,2.06658
6.25287,2.1628
6.01402,2.25652
5.90462,2.34319
5.93913,2.34788
5.9557,2.34243
5.90979,2.26761
5.6778,2.1372
5.26652,2.09755
4.83529,2.23699
4.63359,2.35553
4.64454,2.30375
4.58303,2.22841
4.00806,2.34931
3.17311,2.44797
2.13585,2.36973
1.4485,2.12882
1.05045,1.75451
0.827592,1.56493
0.712777,1.58205
0.651609,1.61443
0.730512,1.53901
0.995305,1.32788
1.30126,1.066
1.31151,0.985275
1.1185,1.01556
1.04973,0.979616
1.39885,0.763745
2.01165,0.481334
2.29383,0.492455
2.29693,0.761272
2.34371,1.00053
2.69228,1.01014
3.43019,0.910129
4.19462,0.998112
4.81377,1.40866
5.23773,1.88868
5.67803,1.97185
6.31943,1.78025
6.79088,1.66919
6.86387,1.82183
6.76532,2.08801
6.7137,2.26004
6.67652,2.37834
6.60652,2.50974
6.48289,2.65353
6.22,2.79549
5.87829,2.95704
5.40905,3.03831
4.94495,3.005
4.57859,2.93563
4.10502,2.98813
3.56194,3.09764
3.15266,3.16589
2.86591,3.13453
2.52194,3.10459
1.98334,3.13327
1.41059,3.32854
0.913862,3.69654
0.751887,3.99536
0.76584,4.03034
0.651351,3.95252
0.173164,3.8769
-0.462325,3.87342
-0.901291,3.88953
-0.914996,3.95645
-0.747361,4.09411
-0.56487,4.24023
-0.417262,4.29702
-0.182058,4.30773
0.10721,4.29397
0.440592,4.43772
0.740156,4.8269
1.10468,5.01529
1.55341,4.78266
1.73702,4.40965
1.74658,4.21169
1.84949,4.19108
2.08802,4.03269
2.24432,3.75798
2.15665,3.57786
2.00568,3.57968
2.12547,3.69135
2.43059,3.69265
2.71047,3.62081
2.85135,3.64271
2.95298,3.71373
3.09454,3.77387
3.31354,3.90398
3.57273,4.09283
3.81796,4.30481
4.02199,4.46835
4.14053,4.74169
4.21717,4.96154
4.43628,5.07229
4.65505,5.24387
4.64908,5.53494
4.45732,5.98587
4.2941,6.35061
4.23906,6.4861
4.20008,6.36504
4.00038,6.15255
3.63482,5.89786
3.45729,5.68713
3.50774,5.67931
3.71454,5.78388
3.91161,5.8227
4.03495,5.76711
3.99663,5.66305
3.94749,5.5546
4.03077,5.27312
4.24819,4.9905
4.50256,4.90114
4.80484,4.89016
4.94439,4.80696
4.79745,4.67089
4.31891,4.61161
3.68076,4.589
3.11559,4.5034
2.80781,4.33732
2.57268,3.98707
2.32765,3.57364
2.05694,3.16458
1.69909,2.82064
1.37218,2.85037
1.0824,3.02832
0.827802,3.28889
0.688394,3.49326
0.622809,3.62915
0.586868,3.73349
0.590932,3.8667
0.704697,4.03567
0.889403,4.26195
1.1175,4.43661
1.37912,4.41968
1.69498,4.22879
2.0193,4.01301
2.17938,3.94548
2.22849,3.96304
2.25116,3.92133
2.29257,3.81694
2.34224,3.76553
2.39252,3.77427
2.46216,3.67315
2.50758,3.49583
2.38566,3.41956
2.13357,3.38051
2.01625,3.26213
2.12241,2.94231
2.24872,2.37019
2.16775,2.10797
1.85426,2.17453
1.60812,2.29426
1.61491,2.17083
1.83106,1.80133
1.9856,1.50439
1.96412,1.25567
1.75963,1.04818
1.5321,0.806068
1.37348,0.498775
1.35985,0.347707
1.53033,0.372071
1.7088,0.511478
1.82628,0.63969
1.94374,0.684881
2.02298,0.694448
2.12845,0.852992
2.28897,1.13083
2.42415,1.41184
2.59791,1.49324
2.79265,1.40398
3.04951,1.34476
3.28056,1.61748
3.33193,2.19414
3.38756,2.92813
3.56963,3.24027
3.761,3.08697
3.74099,2.80693
3.55967,2.93384
3.46622,3.3348
3.60223,3.63698
3.84174,3.6705
4.00944,3.52485
3.97434,3.40647
3.80786,3.31841
3.67322,3.22887
3.57535,2.99219
3.4458,2.69626
3.35343,2.47001
3.27157,2.31153
3.21316,2.41051
3.08157,2.67274
2.73588,2.87269
2.24946,2.83378
1.68029,2.68792
1.23598,2.52785
1.15198,2.36167
1.31371,2.01779
1.50102,1.87114
1.5586,1.91699
1.60655,2.02004
1.82502,2.00833
2.26584,1.62104
2.63844,1.33859
2.76206,1.39836
2.718,1.67703
2.71915,1.88876
2.82014,1.8877
3.07264,1.62188
3.31861,1.43447
3.41331,1.52972
3.26864,1.7527
3.07795,1.87375
3.00075,1.69538
2.96136,1.60938
2.77343,1.70762
2.52238,1.87502
2.2649,2.05398
2.09775,2.32641
2.03702,2.61653
1.99972,2.97874
1.91055,3.22061
1.79707,3.35365
1.58178,3.54498
1.72113,3.73831
1.94014,4.02957
2.07304,4.16752
2.41434,3.95143
2.67577,3.91237
2.9187,3.95719
3.28682,3.72735
3.66118,3.44425
3.93464,3.1746
4.03824,3.07936
4.19619,3.27119
4.40005,3.27596
4.42204,3.37511
4.48753,3.51144
4.94544,3.61395
5.33282,3.46214
5.50996,3.20046
5.5839,2.91311
5.72965,2.75502
5.92714,2.65397
6.24865,2.58709
6.50722,2.60182
6.60264,2.6727
6.53736,2.71228
6.3182,2.95121
6.17654,3.31808
6.40586,3.47515
6.90741,3.19693
7.1394,3.05128
6.9597,3.19198
6.61066,3.34384
6.36176,3.40775
6.16722,3.52421
5.8543,3.80736
5.35162,4.2214
4.9681,4.43308
4.78102,4.36802
4.7796,4.11711
4.81067,3.80982
4.75823,3.70893
4.63606,4.01929
4.55139,4.42171
4.62464,4.53178
4.76741,4.26467
4.73927,4.20271
4.42453,4.44365
4.15669,4.5809
4.12272,4.27213
4.17427,3.84164
4.01789,3.53747
3.61557,3.42832
3.22107,3.42259
2.95669,3.27402
2.78149,2.95709
2.77411,2.48221
2.7144,2.09137
2.41918,2.05578
1.96629,2.17452
1.49817,2.35751
1.23565,2.58893
1.35733,2.56189
1.7032,2.24892
2.03021,2.13091
2.12465,2.15306
1.9789,2.25883
1.68678,2.36405
1.41471,2.4146
1.25727,2.40392
1.37952,2.23654
1.64495,1.978
1.88246,1.79594
1.85234,1.8298
1.76435,2.01438
1.70617,2.16374
1.70823,2.20951
1.79712,2.18415
1.97422,2.23067
2.04924,2.36908
1.96725,2.69072
1.8499,3.01013
1.90219,3.21402
2.14888,3.20658
2.3735,3.02834
2.43716,2.74084
2.17656,2.62241
1.61474,2.86511
0.865491,3.32797
0.357854,3.63127
0.164243,3.68115
0.239203,3.50237
0.200903,3.43495
-0.221854,3.82906
-0.682908,4.34021
-0.949313,4.51199
-0.760313,4.11798
-0.372915,3.60534
-0.0186319,3.31572
0.110614,3.25099
0.0437548,3.04765
-0.179663,2.74323
-0.400501,2.57054
-0.388834,2.42552
-0.178311,2.24394
0.120559,2.05772
0.458768,1.86911
0.654917,1.65176
0.680033,1.51658
0.525703,1.61875
0.369205,1.88738
0.387231,2.07688
0.44742,2.00696
0.3546,1.93912
0.0531465,2.03171
-0.332082,2.11443
-0.703743,2.18771
-0.965009,2.30749
-1.24102,2.49409
-1.45509,2.68085
-1.5653,2.82303
-1.73581,2.95478
-2.00429,3.02157
-2.24409,3.02519
-2.2116,2.95887
-1.89303,2.82036
-1.43194,2.73573
-1.1225,2.81343
-0.824674,2.88279
-0.530003,2.82829
-0.359964,2.76831
-0.382109,2.80533
-0.425639,2.92754
-0.294212,2.97014
-0.0558601,3.00318
0.181891,3.09671
0.265972,3.2871
0.44013,3.44795
0.781589,3.44006
1.13775,3.30735
1.25968,3.24624
1.14145,3.19523
0.825015,3.25367
0.625811,3.30579
0.58209,3.09166
0.690314,2.79139
0.847264,2.50117
1.01747,2.46111
1.18588,2.46665
1.54272,2.45368
1.95574,2.36678
2.33233,2.13711
2.62806,1.84981
2.77865,1.7034
2.85867,1.72638
2.85716,1.79783
2.83843,1.74525
2.84128,1.48142
2.98065,1.32931
3.29367,1.48571
3.75827,1.52993
4.1525,1.38025
4.34862,1.27214
4.37362,1.38928
4.45067,1.70189
4.54401,1.93205
4.5955,2.15951
4.71989,2.37598
4.76558,2.48372
4.69334,2.60795
4.56562,2.8155
4.50627,3.0499
4.51737,3.25667
4.49126,3.3593
4.36196,3.45003
4.20182,3.54104
4.10561,3.52651
3.98838,3.38625
3.93937,3.25857
4.07581,3.12573
4.23502,2.96453
4.29305,2.95089
4.30074,2.91527
4.39227,2.81287
4.61906,2.66913
4.82535,2.4528
4.85344,2.37096
4.78495,2.44929
4.67082,2.5663
4.76806,2.4796
5.07222,2.23124
5.24978,2.00806
5.28117,1.92853
5.25487,1.84005
5.13318,1.75506
5.0802,1.67561
5.15721,1.6597
5.29219,1.52912
5.38919,1.43964
5.29517,1.54539
5.09426,1.78099
5.05671,1.89674
5.19058,1.83128
5.3035,1.74233
5.34825,1.66478
5.28704,1.57417
5.13672,1.53159
4.97125,1.5778
4.79809,1.73798
4.62572,1.77437
4.43297,1.54052
4.23748,0.856064
4.24869,0.24716
4.34792,-0.193871
4.38272,-0.37648
4.30625,-0.303183
4.06717,-0.028868
3.87436,0.138614
3.89351,0.166931
4.12314,-0.0779375
4.30372,-0.313151
4.22479,-0.160298
4.03447,0.0210291
3.91829,0.124706
3.86533,0.227823
3.82828,0.346505
3.71685,0.475754
3.71219,0.560211
3.78328,0.629586
3.87118,0.659742
3.86119,0.583405
3.75362,0.505684
3.64045,0.572117
3.78372,0.52289
4.11803,0.38164
4.31441,0.332261
4.24374,0.637997
4.08944,1.04636
3.93638,1.33125
3.81371,1.39256
3.71131,1.33934
3.59989,1.27422
3.41529,1.26789
3.28053,1.32386
3.13902,1.34383
2.99432,1.34086
2.78471,1.41686
2.49483,1.54281
2.36691,1.55445
2.45475,1.59338
2.53305,1.56205
2.41642,1.61101
2.17808,1.69906
1.89129,1.59273
1.68803,1.28185
1.67799,0.995777
1.66781,0.867743
1.53122,0.794077
1.24311,0.817467
0.907805,0.995711
0.717072,1.21999
0.657111,1.16545
0.734574,0.841541
0.91994,0.544893
1.04904,0.273525
1.15672,0.130177
1.30136,0.131138
1.42172,0.299569
1.45543,0.417129
1.37747,0.461633
1.14909,0.570555
0.839595,0.889489
0.471253,1.2164
0.257222,1.44912
0.125842,1.52251
-0.157383,1.4018
-0.478211,1.31107
-0.529912,1.30962
-0.691242,1.30538
-0.883306,1.3053
-1.05998,1.43895
-1.22833,1.56382
-1.39212,1.47388
-1.45521,1.19098
-1.44305,1.03385
-1.36352,0.846395
-1.22984,0.536557
-1.04203,0.0814889
-0.888188,-0.344898
-0.728657,-0.39834
-0.353229,-0.287133
0.0313291,-0.309521
0.214989,-0.38698
0.335091,-0.533447
0.646443,-1.04939
1.25976,-1.81059
1.96626,-2.43791
2.64389,-2.85156
3.52308,-3.02385
4.05766,-2.60102
4.13542,-1.39746
3.9073,0.222817
3.6036,1.6022
3.28922,2.67354
2.99825,3.04018
2.71712,3.56029
2.40834,4.19544
1.99666,4.58904
1.47675,5.35473
1.24119,6.30122
1.49911,6.94768
2.08936,7.31433
2.47425,7.53997
2.98622,7.60894
3.79586,7.69144
4.27563,8.2143
4.06278,8.92716
3.59116,9.24361
3.59923,9.30639
4.21773,9.15665
4.70829,9.06641
4.76982,8.91784
4.53626,8.84326
4.32155,9.09506
4.04249,9.65112
3.6888,9.98103
3.85588,9.37796
4.60926,8.74463
5.06333,9
4.4984,10.4703
3.28273,12.5387
1.63502,14.6811
-0.180084,16.0967
-1.34372,16.2832
-2.17158,15.1173
-3.05399,13.4938
-4.69472,11.6504
-7.30781,9.54229
-9.77676,7.4363
-11.6784,4.87875
-12.0866,2.95969
-12.1219,1.25088
-12.5965,-0.058684
-13.4245,-0.367431
-14.4155,0.0208734
-15.2193,0.537909
-15.6808,0.978188
-15.8392,1.30832
-16.1351,1.91624
-17.0092,2.87729
-18.2363,3.68738
-19.3397,4.22566
-20.0404,4.48925
-20.1827,4.36001
-20.1869,3.91436
-20.0778,3.77713
-19.9172,3.97583
-20.0218,3.52353
-20.4781,2.75793
-21.2362,1.92947
-21.8472,1.23403
-22.4009,0.651132
-23.423,-0.12214
-24.5173,-0.868904
-25.3015,-1.47422
-25.2172,-2.01335
-24.5439,-2.75142
-23.5023,-4.34201
-22.6715,-6.33332
-22.2109,-8.11887
-22.3919,-9.1481
-22.9022,-9.77989
-23.312,-10.6064
-23.6616,-11.3
-23.9855,-11.7596
-24.1114,-11.7921
-23.9365,-11.754
-23.8026,-11.8895
-23.9467,-12.1775
-24.2817,-12.5088
-24.7934,-12.5422
-25.4062,-12.1565
-26.1658,-11.2231
-26.8444,-9.78085
-27.2602,-8.40797
-27.3311,-6.97097
-27.0472,-5.72083
-26.5215,-4.24425
-25.9292,-2.61418
-25.6174,-1.42024
-25.6583,-0.494136
-25.9253,0.149014
-26.2303,0.699413
-26.5304,1.15685
-26.8631,1.5112
-27.3021,2.08213
-27.6463,2.76945
-27.8053,2.9155
-28.0943,2.3862
-28.7436,1.58918
-29.8349,1.09529
-31.1107,0.97593
-31.9843,0.818939
-32.588,0.402979
-32.827,-0.0867302
-32.8661,-0.552028
-32.642,-0.799162
-32.2115,-0.859632
-31.5641,-0.837152
-30.821,-0.78188
-30.0569,-0.714752
-29.4181,-0.562149
-29.0588,-0.401179
-28.5234,0.230586
-27.6137,1.17297
-26.5546,1.30155
-25.4228,0.561296
-24.8071,-0.242139
-24.571,-0.585174
-24.6385,-0.137865
-24.7833,0.658015
-24.8737,1.57252
-24.886,2.13169
-24.8614,2.47446
-24.761,2.64088
-24.6083,2.69806
-24.4002,2.73738
-24.1563,2.64532
-23.9574,2.4795
-24.0052,2.29986
-24.3687,2.23686
-24.8016,2.27359
-24.732,2.16009
-24.2391,1.66209
-23.5314,0.872137
-23.2334,0.370662
-23.53,-0.00909904
-24.2039,-0.562334
-24.6839,-1.00331
-24.8561,-1.15089
-24.8074,-1.20046
-24.6251,-1.23567
-24.3786,-1.07393
-24.2474,-0.647046
-24.3213,0.156517
-24.3957,0.993134
-24.1374,1.63477
-23.2844,2.12487
-22.3378,2.46007
-21.6656,2.82759
-21.4293,3.79973
-21.53,5.38145
-22.0139,6.665
-22.1768,6.35663
-21.5996,5.40779
-20.5244,5.21263
-19.942,5.87382
-20.0231,6.77943
-20.2316,7.09222
-20.0167,6.77312
-19.1803,6.267
-17.9796,6.20747
-16.5455,6.88225
-15.4269,7.74835
-14.4759,8.52339
-13.6733,8.79072
-13.1604,8.29952
-12.7568,7.15243
-12.3593,5.82548
-11.4909,4.64964
-10.2047,4.42519
-9.21735,4.5994
-8.69838,5.0161
-8.48118,5.30019
-8.42089,4.99704
-8.23895,4.26118
-7.71074,4.0514
-7.13663,4.2819
-6.8372,4.52777
-6.96142,4.73458
-7.07705,4.64415
-6.73809,4.01159
-5.79118,3.2054
-4.55645,2.37248
-3.86347,1.81746
-3.64396,1.47055
-3.69987,1.36132
-4.00862,1.12658
-4.06624,0.575726
-3.88394,-0.415029
-3.42622,-1.78365
-3.00163,-2.8865
-2.87868,-3.5725
-3.11459,-3.91515
-3.34435,-4.0355
-3.48502,-4.18094
-3.53387,-4.40042
-3.61332,-4.60529
-3.79117,-4.68993
-3.74472,-4.56446
-3.3147,-4.53558
-2.70461,-4.81374
-2.27345,-5.30734
-2.00748,-5.89693
-1.92544,-6.42196
-1.97245,-7.09474
-2.27902,-7.74946
-2.78811,-7.29608
-3.34429,-5.03938
-3.83731,-3.10154
-3.99302,-1.29983
-3.74575,0.418657
-3.30832,1.99413
-1.72888,1.91995
-0.529136,1.8799
-0.578462,1.90803
-0.462513,1.81605
-0.504731,1.92201
-0.532331,1.92614
-0.506011,1.9062
-0.469875,1.86281
-0.41739,1.83742
-0.367548,1.83423
-0.352015,1.82657
-0.284188,1.78712
-0.222568,1.74993
-0.16659,1.70344
-0.109711,1.65888
-0.0454586,1.61449
0.0331775,1.57998
0.100057,1.54233
0.168716,1.49093
0.233025,1.44505
0.300648,1.39417
0.377936,1.34395
0.450041,1.29956
0.521608,1.25039
0.579701,1.18629
0.649869,1.14667
0.73702,1.11756
0.797038,1.06675
0.840057,1.00177
0.872978,0.924498
0.929887,0.884544
1.01468,0.87215
1.09244,0.886532
1.06192,0.853832
1.03309,0.788444
1.07711,0.770147
1.15287,0.805483
1.13026,0.834636
1.13457,0.835065
1.0936,0.774837
1.1511,0.749936
1.17892,0.785839
1.21104,0.815649
1.22146,0.859659
1.23775,0.83546
1.20974,0.793643
1.18985,0.755264
1.13024,0.744274
1.12331,0.717464
1.14118,0.729631
1.18815,0.761549
1.238,0.825468
1.20592,0.852349
1.15501,0.807807
1.09975,0.762253
1.07765,0.746272
1.13287,0.786365
1.19446,0.833521
1.24716,0.843977
1.26612,0.820314
1.20194,0.780758
1.13938,0.744576
1.19031,0.789733
1.25433,0.839839
1.25426,0.840215
1.2072,0.784306
1.16212,0.74481
1.13873,0.715062
1.14904,0.697856
1.17658,0.744475
1.1714,0.781865
1.18409,0.792799
1.17193,0.782076
1.14832,0.763404
1.12051,0.769302
1.139,0.72717
1.13627,0.745288
1.14979,0.792694
1.197,0.84012
1.24452,0.868099
1.22616,0.83478
1.19008,0.820444
1.16334,0.767
1.15386,0.762317
1.17812,0.787659
1.18459,0.82931
1.20215,0.814199
1.19291,0.799255
1.17678,0.795518
1.15238,0.79486
1.13825,0.788875
1.12514,0.802093
1.1436,0.792326
1.17578,0.788108
1.1452,0.778203
1.10463,0.772118
1.09467,0.741689
1.1345,0.751207
1.20036,0.792988
1.22748,0.799452
1.20973,0.805034
1.17601,0.756034
1.17618,0.760039
1.16624,0.772644
1.14073,0.768106
1.12011,0.757535
1.14594,0.759346
1.1553,0.775495
1.17649,0.777925
1.17423,0.76645
1.14058,0.763993
1.12397,0.772999
1.16036,0.773151
1.12435,0.760041
1.09421,0.749049
1.09949,0.743708
1.12312,0.774773
1.14716,0.802562
1.15826,0.791298
1.15766,0.76221
1.12729,0.731346
1.16229,0.723408
1.18751,0.778338
1.19595,0.790008
1.19854,0.802131
1.19569,0.781314
1.15986,0.74711
1.1294,0.753844
1.12871,0.757923
1.16665,0.802969
1.18337,0.801736
1.2203,0.773054
1.16189,0.788486
1.14606,0.780913
1.14014,0.757257
1.16109,0.770557
1.18932,0.797255
1.17646,0.811164
1.19861,0.807587
1.17979,0.793827
1.15661,0.817815
1.11697,0.772919
1.13045,0.770304
1.15821,0.765385
1.19747,0.770623
1.16517,0.774821
1.15372,0.782023
1.14348,0.744045
1.15767,0.73771
1.18646,0.753523
1.20984,0.785704
1.22007,0.810503
1.21227,0.758236
1.18506,0.727551
1.16748,0.754781
1.16672,0.779331
1.15906,0.785158
1.17891,0.775424
1.18908,0.76618
1.17333,0.768681
1.16621,0.795782
1.15621,0.801388
1.13033,0.828282
1.14728,0.854627
1.15413,0.818445
1.1598,0.776387
1.1718,0.755206
1.17546,0.731484
1.17282,0.739143
1.20025,0.795344
1.22754,0.768825
1.23074,0.771623
1.20236,0.750936
1.16884,0.76653
1.18328,0.761438
1.19275,0.75575
1.17333,0.751988
1.19286,0.7478
1.19536,0.754781
1.19871,0.762064
1.17989,0.776146
1.13917,0.757994
1.14005,0.792424
1.16609,0.759274
1.20814,0.792049
1.22115,0.78856
1.18041,0.796193
1.157,0.792796
1.18145,0.787069
1.18938,0.792844
1.18634,0.817392
1.14589,0.807579
1.16743,0.80626
1.21011,0.799304
1.2008,0.802884
1.16713,0.799851
1.14917,0.79421
1.17121,0.806627
1.18281,0.794943
1.1907,0.78203
1.17535,0.791881
1.18919,0.791249
1.17936,0.771649
1.15697,0.776376
1.18354,0.776224
1.17029,0.754221
1.16383,0.764276
1.19896,0.779487
1.17101,0.760276
1.17399,0.747015
1.16549,0.750511
1.18823,0.749202
1.20616,0.783045
1.20284,0.770841
1.17789,0.742422
1.18186,0.738101
1.18285,0.724703
1.156,0.755844
1.14942,0.739664
1.1369,0.74345
1.14548,0.728216
1.16823,0.771311
1.15102,0.801236
1.18877,0.78111
1.20527,0.761976
1.19597,0.781438
1.19129,0.81947
1.16831,0.782457
1.15406,0.776522
1.17489,0.782103
1.18222,0.810468
1.17299,0.807661
1.19397,0.781328
1.20011,0.743442
1.18365,0.744669
1.17813,0.760793
1.18983,0.784503
1.19854,0.780123
1.19278,0.761946
1.17012,0.799672
1.12025,0.81557
1.12109,0.810212
1.15489,0.790219
1.172,0.781891
1.16596,0.760234
1.17582,0.789644
1.16101,0.75028
1.17713,0.736447
1.19006,0.745047
1.17613,0.780938
1.18382,0.776038
1.17435,0.810832
1.16339,0.771762
1.15064,0.76873
1.13934,0.758012
1.16293,0.74469
1.16423,0.782742
1.20215,0.790042
1.18844,0.809436
1.2124,0.803322
1.2119,0.799432
1.18205,0.779879
1.16694,0.765515
1.17342,0.761152
1.19298,0.777666
1.1942,0.788544
1.20722,0.775973
1.18204,0.769831
1.1885,0.759575
1.17837,0.780797
1.19708,0.804534
1.20434,0.783675
1.16076,0.79722
1.1709,0.808694
1.1398,0.76416
1.14472,0.73412
1.1631,0.76155
1.13563,0.785905
1.1304,0.806703
1.1479,0.795629
1.13462,0.772373
1.14601,0.771729
1.16932,0.743049
1.15004,0.737561
1.15747,0.75448
1.15358,0.762928
1.14659,0.778547
1.1703,0.763858
1.12979,0.738302
1.1456,0.73863
1.15399,0.744256
1.19403,0.767178
1.1849,0.77641
1.18425,0.769318
1.18559,0.764715
1.16093,0.764855
1.18827,0.752207
1.19286,0.768889
1.19034,0.799514
1.18618,0.80068
1.19314,0.763113
1.16503,0.78156
1.14669,0.749125
1.11345,0.757239
1.13927,0.771137
1.15767,0.76598
1.18195,0.771384
1.17413,0.785181
1.12021,0.78922
1.11759,0.770368
1.11018,0.748107
1.12131,0.784232
1.13495,0.778059
1.1937,0.795864
1.19568,0.778918
1.20394,0.777722
1.19382,0.779388
1.18449,0.779973
1.16348,0.797184
1.18034,0.805618
1.19378,0.81727
1.19236,0.786662
1.19366,0.742892
1.1879,0.768886
1.1705,0.770276
1.19743,0.779165
1.19161,0.798834
1.17174,0.800204
1.16397,0.761846
1.15262,0.779753
1.1915,0.806228
1.18479,0.813852
1.18169,0.781187
1.18945,0.764486
1.18696,0.768866
1.14699,0.797718
1.1821,0.76751
1.18822,0.78313
1.17121,0.762077
1.14302,0.803272
1.14422,0.763243
1.17012,0.73641
1.19238,0.742965
1.21747,0.742712
1.22867,0.772501
1.21921,0.764936
1.17914,0.757488
1.17405,0.774339
1.17792,0.757667
1.21011,0.775292
1.21166,0.760013
1.18425,0.758065
1.19957,0.758352
1.20391,0.752861
1.1883,0.744944
1.18385,0.764095
1.17927,0.761771
1.18125,0.766846
1.18405,0.751542
1.1781,0.768352
1.1726,0.78304
1.14753,0.794795
1.15409,0.779411
1.16811,0.803091
1.14995,0.815423
1.16416,0.816616
1.17375,0.781939
1.14777,0.753244
1.14289,0.751289
1.16805,0.748715
1.16555,0.768014
1.14767,0.780475
1.14346,0.762701
1.15176,0.773819
1.14154,0.744276
1.18174,0.73561
1.16681,0.759935
1.20145,0.774802
1.1845,0.777457
1.1609,0.772768
1.18083,0.766302
1.19166,0.739731
1.21597,0.753785
1.18987,0.747213
1.16687,0.764312
1.18874,0.788875
1.17703,0.750964
1.15381,0.738777
1.17832,0.754265
1.188,0.772543
1.18228,0.75918
1.18112,0.750696
1.18659,0.774594
1.17614,0.787148
1.18412,0.769711
1.1669,0.771891
1.18058,0.759066
1.15821,0.787816
1.15547,0.79023
1.1342,0.76077
1.14386,0.764848
1.18396,0.792648
1.20237,0.790023
1.18266,0.778386
1.20288,0.760687
1.17752,0.756307
1.16411,0.757561
1.19073,0.756666
1.21904,0.772545
1.21921,0.79453
1.21575,0.764882
1.1757,0.785435
1.16671,0.758541
1.1674,0.74491
1.14983,0.735873
1.15234,0.753149
1.19163,0.760068
1.20737,0.773377
1.19572,0.766332
1.19843,0.740932
1.17352,0.752467
1.18812,0.775548
1.17113,0.763373
1.17151,0.765242
1.13483,0.769879
1.15633,0.762492
1.1441,0.746096
1.17209,0.728883
1.17196,0.719868
1.19955,0.724863
1.19326,0.766407
1.18474,0.774676
1.17663,0.751474
1.1769,0.750181
1.16434,0.733474
1.1631,0.724589
1.15048,0.753447
1.18096,0.75765
1.18803,0.747454
1.16091,0.765177
1.16836,0.742075
1.1777,0.755178
