0,0,0,0
0,0,0,0
0,0,0,0
0,0,0,0
0,0,0,0
0,0,0,0
-3.8147e-07,-1.01725e-06,0,0
-3.8147e-07,-1.01725e-06,0,0
-1.1321,0.852471,0,0
-1.1321,0.852471,0,0
-3.2044,-0.981935,0,0
-4.30183,-0.834539,0,0
-4.30183,-0.834539,0,0
-4.52132,-0.805059,0,0
-4.56522,-0.799164,0,0
-4.56522,-0.799164,0,0
-4.57324,-0.847062,0,0
-4.57324,-0.847062,0,0
-4.57485,-0.856642,0,0
-4.57517,-0.858558,0,0
-4.57517,-0.858558,0,0
-4.57523,-0.858942,0,0
-4.57526,-0.859006,0,0
-4.57526,-0.859006,0,0
-4.57527,-0.859019,0,0
-4.57527,-0.859019,0,0
-4.57527,-0.944736,0,0
-4.61165,-1.05963,0,0
-4.61165,-1.05963,0,0
-2.89651,-2.41155,0,0
-2.89651,-2.41155,0,0
-3.37833,-2.06082,0,0
-3.37833,-2.06082,0,0
-4.22695,-1.42423,0,0
-4.39667,-1.29691,0,0
-4.39667,-1.29691,0,0
-4.42292,-1.17717,0,0
-4.42292,-1.17717,0,0
-4.42817,-1.15322,0,0
-4.42922,-1.14844,0,0
-4.42944,-1.14748,0,0
-4.42944,-1.14748,0,0
-2.22725,-2.26295,0,0
-2.22725,-2.26295,0,0
-1.37652,-2.84927,0,0
-1.37652,-2.84927,0,0
-1.20637,-2.96654,0,0
-1.07234,-2.82332,0,0
-1.63232,-2.69144,0,0
-1.63232,-2.69144,0,0
-1.63232,-2.69144,0,0
-2.53498,-2.56475,0,0
-2.71551,-2.53942,0,0
-2.71551,-2.53942,0,0
-2.75161,-2.53435,0,0
-2.75161,-2.53435,0,0
-2.75883,-2.53334,0,0
-2.76028,-2.53313,0,0
-2.76028,-2.53313,0,0
-2.76057,-2.53309,0,0
-2.76063,-2.53309,0,0
-2.76063,-2.53309,0,0
-2.76064,-2.53308,0,0
-2.76064,-2.53308,0,0
-2.76064,-2.53308,0,0
-2.76064,-2.55809,0,0
-2.76064,-2.55809,0,0
-2.76064,-2.56309,0,0
-2.76064,-2.56309,0,0
-1.08314,-3.50066,0,0
-0.0878984,-4.31307,0,0
-0.0878984,-4.31307,0,0
1.1069,-5.89707,0,0
1.1069,-5.89707,0,0
1.52111,-7.61867,0,0
1.60396,-7.96299,0,0
1.65029,-8.23763,0,0
1.65029,-8.23763,0,0
8.07232,-12.1522,0,0
8.07232,-12.1522,0,0
9.35672,-12.9351,0,0
9.35672,-12.9351,0,0
9.67314,-13.5032,0,0
9.73642,-13.6168,0,0
9.73642,-13.6168,0,0
9.70417,-13.6543,0,0
9.69772,-13.6618,0,0
9.69772,-13.6618,0,0
9.69643,-13.6633,0,0
9.69617,-13.6636,0,0
9.69617,-13.6636,0,0
9.69617,-13.6636,0,0
9.69612,-13.6637,0,0
9.69611,-13.6637,0,0
9.69611,-13.6637,0,0
9.69611,-13.6637,0,0
9.69611,-13.6637,0,0
9.67648,-13.7011,0,0
9.67255,-13.7086,0,0
9.67255,-13.7086,0,0
9.67177,-13.7101,0,0
8.71545,-13.7026,0,0
8.71545,-13.7026,0,0
8.03667,-13.5644,0,0
8.03667,-13.5644,0,0
7.21426,-13.0602,0,0
6.40288,-12.8773,0,0
6.40288,-12.8773,0,0
6.2406,-12.8407,0,0
6.2406,-12.8407,0,0
6.20815,-12.8334,0,0
6.20252,-12.9738,0,0
6.20252,-12.9738,0,0
6.20139,-13.0018,0,0
6.20117,-13.0075,0,0
6.20117,-13.0075,0,0
6.20112,-13.0086,0,0
6.20111,-13.0088,0,0
6.20111,-13.0088,0,0
6.20111,-13.0088,0,0
6.20111,-13.0088,0,0
6.20111,-13.0089,0,0
6.20111,-13.0089,0,0
6.20111,-13.0089,0,0
6.20111,-13.0089,0,0
6.20111,-13.0089,0,0
6.20762,-12.9472,0,0
6.20892,-12.9349,0,0
6.20892,-12.9349,0,0
6.20914,-12.9324,0,0
6.01132,-13.2442,0,0
6.01132,-13.2442,0,0
5.88183,-13.4371,0,0
5.88183,-13.4371,0,0
5.85592,-13.4756,0,0
5.85074,-13.4833,0,0
5.85074,-13.4833,0,0
5.43671,-13.3057,0,0
5.43671,-13.3057,0,0
5.26523,-13.0852,0,0
5.32779,-12.7936,0,0
5.32779,-12.7936,0,0
5.44484,-12.4387,0,0
5.44484,-12.4387,0,0
5.46825,-12.495,0,0
5.47293,-12.5729,0,0
5.47293,-12.5729,0,0
5.47387,-12.5885,0,0
5.47406,-12.5917,0,0
5.47406,-12.5917,0,0
5.47409,-12.5923,0,0
5.47409,-12.5923,0,0
5.48092,-12.6569,0,0
5.44402,-12.4138,0,0
5.44402,-12.4138,0,0
5.43664,-12.3652,0,0
5.43664,-12.3652,0,0
5.43516,-12.3555,0,0
5.43487,-12.3536,0,0
5.43487,-12.3536,0,0
5.61371,-12.3469,0,0
5.61371,-12.3469,0,0
5.64948,-12.3455,0,0
5.65663,-12.3453,0,0
5.65663,-12.3453,0,0
5.65806,-12.3452,0,0
5.65806,-12.3452,0,0
5.67136,-12.2917,0,0
5.21316,-11.9659,0,0
5.21316,-11.9659,0,0
5.02446,-11.7779,0,0
4.21258,-11.3007,0,0
4.21258,-11.3007,0,0
4.0502,-11.072,0,0
4.0502,-11.072,0,0
4.01773,-11.0262,0,0
3.29988,-10.7924,0,0
3.29988,-10.7924,0,0
3.29724,-11.0429,0,0
3.29724,-11.0429,0,0
3.29577,-11.2488,0,0
3.14154,-11.631,0,0
3.14154,-11.631,0,0
2.2492,-11.5896,0,0
1.80723,-11.6468,0,0
1.80723,-11.6468,0,0
1.49671,-11.4434,0,0
1.49671,-11.4434,0,0
1.15761,-11.5175,0,0
0.754338,-11.5746,0,0
0.754338,-11.5746,0,0
0.504662,-11.1292,0,0
0.504662,-11.1292,0,0
-0.355781,-9.14493,0,0
-1.44155,-6.31568,0,0
-1.44155,-6.31568,0,0
-2.61321,-2.87914,0,0
-2.61321,-2.87914,0,0
-1.90255,-0.134395,0,0
-1.63878,3.06937,0,0
-1.63878,3.06937,0,0
-1.92048,5.01514,0,0
-1.92048,5.01514,0,0
-2.12452,7.41188,0,0
-2.23705,10.0814,0,0
-2.23705,10.0814,0,0
-2.16383,12.2588,0,0
-2.16383,12.2588,0,0
-1.44682,14.7302,0,0
-0.33091,17.2405,0,0
-0.33091,17.2405,0,0
1.1188,18.8654,0,0
2.33319,20.3031,0,0
2.33319,20.3031,0,0
2.71226,19.7635,0,0
2.71226,19.7635,0,0
2.78807,19.6555,0,0
2.80324,19.6339,0,0
2.80324,19.6339,0,0
2.70119,15.9454,0,0
2.70119,15.9454,0,0
2.71084,11.3883,0,0
3.07153,7.86784,0,0
3.07153,7.86784,0,0
3.30688,5.18987,0,0
3.30688,5.18987,0,0
3.66127,3.49806,0,0
3.74164,2.79645,0,0
3.74164,2.79645,0,0
4.4717,2.0262,0,0
5.12874,1.97573,0,0
5.12874,1.97573,0,0
6.16968,1.64489,0,0
6.16968,1.64489,0,0
6.6672,1.43249,0,0
6.84266,0.930965,0,0
6.84266,0.930965,0,0
6.97089,1.1134,0,0
6.97089,1.1134,0,0
8.89621,1.26092,0,0
11.4635,1.32082,0,0
11.4635,1.32082,0,0
14.35,1.24726,0,0
14.35,1.24726,0,0
16.8554,0.646873,0,0
18.2069,-0.437597,0,0
18.2069,-0.437597,0,0
17.3431,-1.18128,0,0
15.8354,-1.53559,0,0
15.8354,-1.53559,0,0
12.9736,-0.640244,0,0
12.9736,-0.640244,0,0
11.0582,0.135037,0,0
8.60714,1.55599,0,0
8.60714,1.55599,0,0
7.47896,2.41383,0,0
7.47896,2.41383,0,0
6.90216,3.14402,0,0
6.43357,3.69792,0,0
6.43357,3.69792,0,0
5.55497,4.57547,0,0
5.55497,4.57547,0,0
5.03217,5.17658,0,0
4.70351,4.99294,0,0
4.70351,4.99294,0,0
4.81403,4.4327,0,0
4.81403,4.4327,0,0
4.73456,3.56278,0,0
4.86656,2.59691,0,0
4.86656,2.59691,0,0
5.05586,2.31201,0,0
5.22489,2.27899,0,0
5.22489,2.27899,0,0
5.21884,2.38176,0,0
5.21884,2.38176,0,0
5.06207,2.40232,0,0
4.88448,2.14841,0,0
4.88448,2.14841,0,0
4.93168,2.65194,0,0
4.93168,2.65194,0,0
4.74548,2.51399,0,0
5.00112,2.34098,0,0
5.00112,2.34098,0,0
5.15334,2.68325,0,0
5.15334,2.68325,0,0
5.35437,3.62099,0,0
5.59764,5.23435,0,0
5.59764,5.23435,0,0
5.74581,6.43445,0,0
5.6213,7.68308,0,0
5.6213,7.68308,0,0
5.46373,7.36249,0,0
5.46373,7.36249,0,0
5.41949,7.32649,0,0
5.05379,7.74088,0,0
5.05379,7.74088,0,0
4.794,7.58256,0,0
4.794,7.58256,0,0
4.60035,7.36041,0,0
4.28593,7.56207,0,0
4.28593,7.56207,0,0
3.89237,7.53928,0,0
3.89237,7.53928,0,0
3.84119,7.46289,0,0
3.85927,6.49858,0,0
3.85927,6.49858,0,0
3.84575,4.63797,0,0
3.84575,4.63797,0,0
3.82541,1.56646,0,0
3.66069,-2.46356,0,0
3.66069,-2.46356,0,0
3.16189,-6.6821,0,0
2.44814,-10.6495,0,0
2.44814,-10.6495,0,0
1.00499,-15.3514,0,0
1.00499,-15.3514,0,0
-1.17181,-18.8482,0,0
-4.40218,-18.3855,0,0
-4.40218,-18.3855,0,0
-7.06462,-20.5742,0,0
-7.06462,-20.5742,0,0
-8.74316,-19.7042,0,0
-9.54218,-18.1366,0,0
-9.54218,-18.1366,0,0
-9.42078,-17.1561,0,0
-9.42078,-17.1561,0,0
-8.54317,-15.7887,0,0
-8.688,-14.335,0,0
-8.688,-14.335,0,0
-8.65049,-12.5559,0,0
-8.38092,-11.3654,0,0
-8.38092,-11.3654,0,0
-8.05934,-10.2059,0,0
-8.05934,-10.2059,0,0
-7.62834,-9.30569,0,0
-7.65051,-7.9883,0,0
-7.65051,-7.9883,0,0
-7.94422,-6.26739,0,0
-7.94422,-6.26739,0,0
-8.79007,-3.97492,0,0
-9.5358,-1.71282,0,0
-9.5358,-1.71282,0,0
-10.0723,1.03488,0,0
-10.0723,1.03488,0,0
-10.6929,4.1803,0,0
-10.9928,7.00528,0,0
-10.9928,7.00528,0,0
-11.4777,9.99331,0,0
-11.5746,10.5909,0,0
-11.5746,10.5909,0,0
-11.594,10.7104,0,0
-11.594,10.7104,0,0
-11.5979,10.7343,0,0
-11.5987,10.7391,0,0
-11.5987,10.7391,0,0
-11.5988,10.7401,0,0
-11.5988,10.7401,0,0
-11.5989,10.7403,0,0
-11.5989,10.7403,0,0
-11.5989,10.7403,0,0
-11.5989,10.7403,0,0
-11.5989,10.7403,0,0
-11.5989,10.7403,0,0
-11.5989,10.7403,0,0
-11.5989,10.7403,0,0
-11.5989,10.7403,0,0
-11.5989,10.7403,0,0
-11.5989,10.7403,0,0
-11.5989,10.7403,0,0
-11.5989,10.7403,0,0
-11.5989,10.7403,0,0
-11.5989,10.7403,0,0
-11.5989,10.7403,0,0
-11.5989,10.7403,0,0
-11.5989,10.7403,0,0
-11.5989,10.7403,0,0
-11.5989,10.7403,0,0
-11.5989,10.7403,0,0
-19.0133,14.6331,0,0
-19.0133,14.6331,0,0
-26.188,18.7164,0,0
-31.3603,22.829,0,0
-31.3603,22.829,0,0
-35.0705,25.5867,0,0
-35.0705,25.5867,0,0
-35.8125,26.1383,0,0
-33.1406,29.369,0,0
-33.1406,29.369,0,0
-37.3327,33.0344,0,0
-37.3327,33.0344,0,0
-41.3651,36.1519,0,0
-45.4114,39.1216,0,0
-45.4114,39.1216,0,0
-47.2223,40.9393,0,0
-47.2223,40.9393,0,0
-47.6647,42.4621,0,0
-47.6677,41.4444,0,0
-47.6677,41.4444,0,0
-48.5333,43.1953,0,0
-49.5735,46.4758,0,0
-49.5735,46.4758,0,0
-49.7816,47.1319,0,0
-49.7816,47.1319,0,0
-49.8232,47.2631,0,0
-49.8315,47.2893,0,0
-49.8315,47.2893,0,0
-49.8332,47.2946,0,0
-49.8332,47.2946,0,0
-49.8335,47.2956,0,0
-49.8336,47.2958,0,0
-49.8336,47.2958,0,0
-49.8336,47.2959,0,0
-53.432,48.9793,0,0
-53.432,48.9793,0,0
-58.0378,51.7185,0,0
-58.0378,51.7185,0,0
-62.1723,54.8985,0,0
-62.9992,55.5345,0,0
-62.9992,55.5345,0,0
-63.1645,55.6617,0,0
-63.1645,55.6617,0,0
-63.1976,55.6871,0,0
-64.523,55.6404,0,0
-64.523,55.6404,0,0
-65.4918,54.8553,0,0
-65.4918,54.8553,0,0
-67.7183,54.8672,0,0
-69.5992,57.2056,0,0
-69.5992,57.2056,0,0
-71.5067,59.4585,0,0
-74.0777,63.3318,0,0
-74.0777,63.3318,0,0
-76.7546,66.6577,0,0
-76.7546,66.6577,0,0
-79.1965,69.7502,0,0
-82.7891,72.6217,0,0
-82.7891,72.6217,0,0
-86.743,75.0095,0,0
-86.743,75.0095,0,0
-90.4621,76.4687,0,0
-93.5059,77.1684,0,0
-93.5059,77.1684,0,0
-95.8967,77.5496,0,0
-95.8967,77.5496,0,0
-99.0728,78.5773,0,0
-104.777,82.6073,0,0
-104.777,82.6073,0,0
-109.142,85.063,0,0
-109.142,85.063,0,0
-110.753,85.5494,0,0
-111.076,85.6466,0,0
-111.076,85.6466,0,0
-111.14,85.6661,0,0
-111.418,84.6825,0,0
-111.418,84.6825,0,0
-112.07,82.6693,0,0
-112.07,82.6693,0,0
-112.2,82.2666,0,0
-112.226,82.1861,0,0
-112.226,82.1861,0,0
-114.126,83.3367,0,0
-114.126,83.3367,0,0
-113.606,85.2546,0,0
-115.009,88.3336,0,0
-115.009,88.3336,0,0
-118.941,93.1707,0,0
-118.941,93.1707,0,0
-119.727,94.1381,0,0
-119.884,94.3316,0,0
-119.884,94.3316,0,0
-117.515,96.0873,0,0
-117.515,96.0873,0,0
-117.042,96.4385,0,0
-116.947,96.5087,0,0
-116.947,96.5087,0,0
-116.928,96.5228,0,0
-116.924,96.5256,0,0
-116.924,96.5256,0,0
-116.923,96.5261,0,0
-116.923,96.5261,0,0
-116.923,96.5262,0,0
-116.923,96.5263,0,0
-116.923,96.5263,0,0
-116.923,96.5263,0,0
-116.923,96.5263,0,0
-116.923,96.5263,0,0
-116.923,96.5263,0,0
-116.923,96.5263,0,0
-116.923,96.5263,0,0
-116.923,96.5263,0,0
-116.923,96.5263,0,0
-116.923,96.5263,0,0
-116.923,96.5263,0,0
-116.923,96.5263,0,0
-116.923,96.5263,0,0
-116.923,96.5263,0,0
-116.923,96.5263,0,0
-116.923,96.5263,0,0
-116.923,96.5263,0,0
-116.923,96.5263,0,0
-116.923,96.5263,0,0
-116.923,96.5263,0,0
-116.923,96.5263,0,0
-116.923,96.5263,0,0
-116.923,96.5263,0,0
-116.923,96.5263,0,0
-116.923,96.5263,0,0
-116.923,96.5263,0,0
-118.605,96.945,0,0
-118.605,96.945,0,0
-121.765,96.621,0,0
-121.765,96.621,0,0
-124.15,98.3745,0,0
-124.627,98.7251,0,0
-124.627,98.7251,0,0
-124.722,98.7953,0,0
-124.722,98.7953,0,0
-124.741,98.8093,0,0
-124.745,98.8121,0,0
-124.745,98.8121,0,0
-124.746,98.8127,0,0
-124.746,98.8128,0,0
-124.746,98.8128,0,0
-125.486,99.1721,0,0
-123.684,99.7768,0,0
-123.684,99.7768,0,0
-121.588,102.566,0,0
-121.588,102.566,0,0
-119.535,104.905,0,0
-119.124,105.372,0,0
-119.124,105.372,0,0
-116.798,107.01,0,0
-116.798,107.01,0,0
-113.912,106.982,0,0
-113.912,106.982,0,0
-113.202,106.219,0,0
-113.202,106.219,0,0
-114.205,107.162,0,0
-114.406,107.351,0,0
-114.406,107.351,0,0
-114.446,107.389,0,0
-114.446,107.389,0,0
-114.454,107.396,0,0
-114.456,107.398,0,0
-114.456,107.398,0,0
-114.456,107.398,0,0
-114.456,107.398,0,0
-114.456,107.398,0,0
-114.456,107.398,0,0
-114.456,107.398,0,0
-114.456,107.398,0,0
-114.456,107.398,0,0
-114.456,107.398,0,0
-114.456,107.398,0,0
-114.456,107.398,0,0
-114.456,107.398,0,0
-114.456,107.398,0,0
-114.456,107.398,0,0
-114.456,107.398,0,0
-114.456,107.398,0,0
-114.456,107.398,0,0
-114.456,107.398,0,0
-114.456,107.398,0,0
-114.456,107.398,0,0
-114.456,107.398,0,0
-114.456,107.398,0,0
-114.456,107.398,0,0
-114.456,107.398,0,0
-114.456,107.398,0,0
-114.456,107.398,0,0
-114.456,107.398,0,0
-114.456,107.398,0,0
-114.456,107.398,0,0
-114.456,107.398,0,0
-114.456,107.398,0,0
-114.456,107.398,0,0
-114.456,107.398,0,0
-114.456,107.398,0,0
-114.456,107.398,0,0
-114.456,107.398,0,0
-114.456,107.398,0,0
-114.456,107.398,0,0
-114.456,107.398,0,0
-114.456,107.398,0,0
-114.456,107.398,0,0
-114.456,107.398,0,0
-114.456,107.398,0,0
-114.456,107.398,0,0
-114.456,107.398,0,0
-114.456,107.398,0,0
-114.456,107.398,0,0
-114.456,107.398,0,0
-114.456,107.398,0,0
-114.456,107.398,0,0
-114.456,107.398,0,0
-114.456,107.398,0,0
-114.456,107.398,0,0
-114.456,107.398,0,0
-114.456,107.398,0,0
-114.456,107.398,0,0
-114.456,107.398,0,0
-114.456,107.398,0,0
-114.456,107.398,0,0
-114.456,107.398,0,0
-114.456,107.398,0,0
-114.456,107.398,0,0
-114.456,107.398,0,0
-114.456,107.398,0,0
-114.456,107.398,0,0
-114.456,107.398,0,0
-114.456,107.398,0,0
-114.456,107.398,0,0
-114.456,107.398,0,0
-114.456,107.398,0,0
-114.456,107.398,0,0
-114.456,107.398,0,0
-114.456,107.398,0,0
-114.456,107.398,0,0
-114.456,107.398,0,0
-114.456,107.398,0,0
-114.456,107.398,0,0
-114.456,107.398,0,0
-114.456,107.398,0,0
-114.456,107.398,0,0
-114.456,107.398,0,0
-114.456,107.398,0,0
-114.456,107.398,0,0
-114.456,107.398,0,0
-114.456,107.398,0,0
-114.456,107.398,0,0
-114.456,107.398,0,0
-114.456,107.398,0,0
-114.456,107.398,0,0
-114.456,107.398,0,0
-114.456,107.398,0,0
-114.456,107.398,0,0
-114.456,107.398,0,0
-114.456,107.398,0,0
-114.456,107.398,0,0
-114.456,107.398,0,0
-114.456,107.398,0,0
-114.456,107.398,0,0
-114.456,107.398,0,0
-114.456,107.398,0,0
-114.456,107.398,0,0
-114.456,107.398,0,0
-114.456,107.398,0,0
-114.456,107.398,0,0
-114.456,107.398,0,0
-114.456,107.398,0,0
-114.456,107.398,0,0
-114.456,107.398,0,0
-114.456,107.398,0,0
-114.456,107.398,0,0
-114.456,107.398,0,0
-114.456,107.398,0,0
-114.456,107.398,0,0
-114.456,107.398,0,0
-114.456,107.398,0,0
-114.456,107.398,0,0
-114.456,107.398,0,0
-114.456,107.398,0,0
-114.456,107.398,0,0
-114.456,107.398,0,0
-114.456,107.398,0,0
-114.456,107.398,0,0
-114.456,107.398,0,0
-114.456,107.398,0,0
-114.456,107.398,0,0
-114.456,107.398,0,0
-114.456,107.398,0,0
-114.456,107.398,0,0
-114.456,107.398,0,0
-114.456,107.398,0,0
-114.456,107.398,0,0
-114.456,107.398,0,0
-114.456,107.398,0,0
-114.456,107.398,0,0
-114.456,107.398,0,0
-114.456,107.398,0,0
-114.456,107.398,0,0
-114.456,107.398,0,0
-114.456,107.398,0,0
-114.456,107.398,0,0
-114.456,107.398,0,0
-114.456,107.398,0,0
-115.652,105.738,0,0
-115.652,105.738,0,0
-116.851,104.173,0,0
-116.047,103.148,0,0
-116.047,103.148,0,0
-115.21,101.947,0,0
-115.21,101.947,0,0
-115.51,102.579,0,0
-115.732,103.736,0,0
-115.732,103.736,0,0
-115.776,103.967,0,0
-115.776,103.967,0,0
-115.785,104.013,0,0
-115.787,104.023,0,0
-115.787,104.023,0,0
-115.787,104.025,0,0
-115.787,104.025,0,0
-115.787,104.025,0,0
-115.787,104.025,0,0
-115.787,104.025,0,0
-115.787,104.025,0,0
-115.787,104.025,0,0
-115.787,104.025,0,0
-115.787,104.025,0,0
-115.787,104.025,0,0
-115.787,104.025,0,0
-115.787,104.025,0,0
-115.787,104.025,0,0
-115.787,104.025,0,0
-115.787,104.025,0,0
-116.783,110.158,0,0
-117.308,115.761,0,0
-117.308,115.761,0,0
-116.789,119.995,0,0
-116.968,123.669,0,0
-116.968,123.669,0,0
-114.988,126.972,0,0
-114.988,126.972,0,0
-113.296,130.681,0,0
-113.296,130.681,0,0
-110.804,132.871,0,0
-108.942,134.3,0,0
-108.942,134.3,0,0
-107.044,135.78,0,0
-105.446,136.597,0,0
-105.446,136.597,0,0
-104.46,138.243,0,0
-104.46,138.243,0,0
-101.748,140.095,0,0
-99.608,142.949,0,0
-99.608,142.949,0,0
-96.8992,145.979,0,0
-96.8992,145.979,0,0
-95.7427,149.668,0,0
-93.6167,151.253,0,0
-93.6167,151.253,0,0
-92.1701,153.366,0,0
-92.1701,153.366,0,0
-91.2466,155.636,0,0
-90.9363,157.938,0,0
-90.9363,157.938,0,0
-90.9375,160.194,0,0
-91.1249,162.191,0,0
-91.1249,162.191,0,0
-91.6204,164.749,0,0
-91.6204,164.749,0,0
-91.7018,167.017,0,0
-91.7018,167.017,0,0
-92.1659,169.506,0,0
-93.5302,172.751,0,0
-93.5302,172.751,0,0
-94.6509,175.836,0,0
-94.6509,175.836,0,0
-94.8843,179.008,0,0
-95.7683,182.257,0,0
-95.7683,182.257,0,0
-95.8392,185.734,0,0
-96.3373,189.715,0,0
-96.3373,189.715,0,0
-97.1486,193.787,0,0
-97.1486,193.787,0,0
-97.591,197.864,0,0
-97.9957,201.498,0,0
-97.9957,201.498,0,0
-97.4603,205.224,0,0
-97.7157,208.476,0,0
-97.7157,208.476,0,0
-97.6154,211.238,0,0
-97.6154,211.238,0,0
-97.1464,213.826,0,0
-97.1464,213.826,0,0
-96.474,215.813,0,0
-95.4923,217.517,0,0
-95.4923,217.517,0,0
-93.3838,218.269,0,0
-91.427,219.122,0,0
-91.427,219.122,0,0
-89.128,220.553,0,0
-89.128,220.553,0,0
-88.1221,220.704,0,0
-87.1215,220.895,0,0
-87.1215,220.895,0,0
-86.0847,221.25,0,0
-86.0847,221.25,0,0
-84.7296,221.046,0,0
-82.905,221.442,0,0
-82.905,221.442,0,0
-81.5555,221.943,0,0
-81.5555,221.943,0,0
-80.4076,222.545,0,0
-80.1557,222.219,0,0
-80.1557,222.219,0,0
-80.4661,222.238,0,0
-80.4661,222.238,0,0
-80.9349,222.11,0,0
-81.5102,222.094,0,0
-81.5102,222.094,0,0
-82.2935,221.428,0,0
-83.5313,221.167,0,0
-83.5313,221.167,0,0
-85.1141,221.16,0,0
-85.1141,221.16,0,0
-85.8928,220.705,0,0
-86.3838,220.068,0,0
-86.3838,220.068,0,0
-86.6488,219.067,0,0
-86.6488,219.067,0,0
-87.4513,218.35,0,0
-88.1154,217.083,0,0
-88.1154,217.083,0,0
-88.6429,215.599,0,0
-88.6429,215.599,0,0
-89.2996,213.869,0,0
-89.8207,212.222,0,0
-89.8207,212.222,0,0
-90.2493,210.278,0,0
-91.4634,208.684,0,0
-91.4634,208.684,0,0
-92.5755,207.859,0,0
-92.5755,207.859,0,0
-93.5752,206.598,0,0
-94.5317,205.096,0,0
-94.5317,205.096,0,0
-95.6768,203.523,0,0
-95.6768,203.523,0,0
-96.1859,201.242,0,0
-96.5636,198.585,0,0
-96.5636,198.585,0,0
-96.6428,195.694,0,0
-96.6428,195.694,0,0
-96.2237,192.193,0,0
-95.2432,188.504,0,0
-95.2432,188.504,0,0
-93.8235,184.662,0,0
-93.8235,184.662,0,0
-92.3013,179.202,0,0
-91.605,173.561,0,0
-91.605,173.561,0,0
-92.3896,168.137,0,0
-94.2638,161.981,0,0
-94.2638,161.981,0,0
-97.98,155.205,0,0
-97.98,155.205,0,0
-102.772,148.268,0,0
-108.897,140.603,0,0
-108.897,140.603,0,0
-114.466,133.748,0,0
-114.466,133.748,0,0
-118.054,129.475,0,0
-119.391,125.445,0,0
-119.391,125.445,0,0
-118.347,120.96,0,0
-116.956,116.508,0,0
-116.956,116.508,0,0
-115.406,112.855,0,0
-115.406,112.855,0,0
-114.9,108.628,0,0
-114.59,102.57,0,0
-114.59,102.57,0,0
-115.759,97.0759,0,0
-115.435,93.1055,0,0
-115.435,93.1055,0,0
-115.37,92.3114,0,0
-115.37,92.3114,0,0
-115.357,92.1526,0,0
-115.354,92.1208,0,0
-115.354,92.1208,0,0
-115.354,92.1144,0,0
-115.354,92.1132,0,0
-115.354,92.1132,0,0
-116.659,88.5771,0,0
-116.659,88.5771,0,0
-116.92,87.8699,0,0
-116.92,87.8699,0,0
-116.972,87.7285,0,0
-116.982,87.7002,0,0
-116.982,87.7002,0,0
-116.984,87.6945,0,0
-116.984,87.6945,0,0
-116.675,82.3911,0,0
-114.659,77.4695,0,0
-114.659,77.4695,0,0
-114.255,76.4852,0,0
-114.174,76.2883,0,0
-114.174,76.2883,0,0
-114.158,76.249,0,0
-114.155,76.2411,0,0
-114.155,76.2411,0,0
-112.55,71.9587,0,0
-112.55,71.9587,0,0
-110.933,68.2496,0,0
-110.933,68.2496,0,0
-109.168,66.662,0,0
-108.815,66.3445,0,0
-108.815,66.3445,0,0
-108.745,66.281,0,0
-108.745,66.281,0,0
-108.731,66.2683,0,0
-108.728,66.2658,0,0
-108.728,66.2658,0,0
-108.727,66.2653,0,0
-108.727,66.2651,0,0
-108.727,66.2651,0,0
-108.727,66.2651,0,0
-108.727,66.2651,0,0
-108.727,66.2651,0,0
-108.727,66.2651,0,0
-108.727,66.2651,0,0
-108.727,66.2651,0,0
-108.727,66.2651,0,0
-108.727,66.2651,0,0
-108.727,66.2651,0,0
-108.727,66.2651,0,0
-108.727,66.2651,0,0
-108.727,66.2651,0,0
-108.727,66.2651,0,0
-108.329,64.7347,0,0
-108.329,64.7347,0,0
-107.665,62.5365,0,0
-107.665,62.5365,0,0
-106.222,60.8658,0,0
-105.108,59.1077,0,0
-105.108,59.1077,0,0
-104.041,57.9413,0,0
-101.785,56.5531,0,0
-101.785,56.5531,0,0
-101.109,54.5859,0,0
-101.664,52.5118,0,0
-101.664,52.5118,0,0
-101.609,50.9898,0,0
-101.609,50.9898,0,0
-102.699,51.2692,0,0
-102.699,51.2692,0,0
-102.917,51.3251,0,0
-102.961,51.3363,0,0
-102.961,51.3363,0,0
-102.969,51.3385,0,0
-102.971,51.339,0,0
-102.971,51.339,0,0
-102.972,51.3391,0,0
-102.972,51.3391,0,0
-102.972,51.3391,0,0
-102.972,51.3391,0,0
-102.972,51.3391,0,0
-102.047,52.657,0,0
-102.047,52.657,0,0
-101.243,53.8256,0,0
-100.153,55.9421,0,0
-100.153,55.9421,0,0
-99.1419,58.2128,0,0
-99.1419,58.2128,0,0
-98.5926,60.2022,0,0
-96.8473,61.7273,0,0
-96.8473,61.7273,0,0
-96.4982,62.0323,0,0
-96.4284,62.0933,0,0
-96.4284,62.0933,0,0
-96.4145,62.1055,0,0
-96.4145,62.1055,0,0
-96.4117,62.108,0,0
-96.4111,62.1085,0,0
-96.4111,62.1085,0,0
-96.411,62.1086,0,0
-96.411,62.1086,0,0
-96.411,62.1086,0,0
-96.411,62.1086,0,0
-96.411,62.1086,0,0
-96.411,62.1086,0,0
-96.411,62.1086,0,0
-96.411,62.1086,0,0
-96.6082,65.3583,0,0
-96.6082,65.3583,0,0
-97.4627,69.6907,0,0
-97.6336,70.5572,0,0
-97.6336,70.5572,0,0
-97.6678,70.7304,0,0
-97.6678,70.7304,0,0
-97.6746,70.7651,0,0
-97.6746,70.7651,0,0
-97.676,70.772,0,0
-97.6763,70.7734,0,0
-97.6763,70.7734,0,0
-100.232,74.3425,0,0
-101.258,79.4116,0,0
-101.258,79.4116,0,0
-102.449,86.1835,0,0
-102.449,86.1835,0,0
-103.028,92.7739,0,0
-100.762,99.9868,0,0
-100.762,99.9868,0,0
-100.309,101.429,0,0
-100.309,101.429,0,0
-100.218,101.718,0,0
-100.2,101.776,0,0
-100.2,101.776,0,0
-100.196,101.787,0,0
-100.196,101.787,0,0
-101.865,108.066,0,0
-104.28,115.879,0,0
-104.28,115.879,0,0
-104.567,124.77,0,0
-104.135,131.536,0,0
-104.135,131.536,0,0
-103.694,138.027,0,0
-103.694,138.027,0,0
-104.025,143.646,0,0
-104.025,143.646,0,0
-103.201,148.048,0,0
-102.842,152.371,0,0
-102.842,152.371,0,0
-102.052,156.048,0,0
-101.416,158.271,0,0
-101.416,158.271,0,0
-101.641,160.271,0,0
-101.641,160.271,0,0
-101.535,163.301,0,0
-99.2221,166.683,0,0
-99.2221,166.683,0,0
-96.5098,170.795,0,0
-96.5098,170.795,0,0
-93.7328,175.578,0,0
-90.6859,179.55,0,0
-90.6859,179.55,0,0
-87.9121,182.913,0,0
-86.671,186.414,0,0
-86.671,186.414,0,0
-86.935,190.228,0,0
-86.935,190.228,0,0
-88.2581,194.511,0,0
-88.2581,194.511,0,0
-90.2739,198.905,0,0
-92.8892,202.215,0,0
-92.8892,202.215,0,0
-94.8142,204.659,0,0
-94.8142,204.659,0,0
-98.8111,208.342,0,0
-102.084,211.818,0,0
-104.014,215.899,0,0
-104.014,215.899,0,0
-105.367,220.007,0,0
-105.367,220.007,0,0
-104.882,222.867,0,0
-104.44,226.755,0,0
-104.44,226.755,0,0
-103.849,230.749,0,0
-103.849,230.749,0,0
-102.747,234.747,0,0
-102.747,234.747,0,0
-101.352,238.471,0,0
-100.321,242.23,0,0
-100.321,242.23,0,0
-100.019,245.871,0,0
-100.019,245.871,0,0
-101.149,249.049,0,0
-103.863,251.634,0,0
-103.863,251.634,0,0
-106.75,253.285,0,0
-109.377,253.488,0,0
-109.377,253.488,0,0
-110.967,253.212,0,0
-110.967,253.212,0,0
-112.292,252.912,0,0
-113.88,252.963,0,0
-113.88,252.963,0,0
-113.699,253.784,0,0
-113.699,253.784,0,0
-112.695,255.564,0,0
-111.146,258.15,0,0
-111.146,258.15,0,0
-109.851,259.967,0,0
-109.851,259.967,0,0
-108.859,261.944,0,0
-108.21,263.778,0,0
-108.21,263.778,0,0
-107.185,264.769,0,0
-107.185,264.769,0,0
-105.88,265.393,0,0
-104.824,265.701,0,0
-104.824,265.701,0,0
-104.311,266.115,0,0
-104.688,268.027,0,0
-104.688,268.027,0,0
-106.447,269.183,0,0
-106.447,269.183,0,0
-106.447,269.183,0,0
-107.991,269.534,0,0
-109.615,268.831,0,0
-109.615,268.831,0,0
-111.323,266.997,0,0
-111.323,266.997,0,0
-113.223,265.407,0,0
-115.672,265.311,0,0
-115.672,265.311,0,0
-117.983,266.109,0,0
-120.346,267.998,0,0
-120.346,267.998,0,0
-122.375,269.816,0,0
-122.375,269.816,0,0
-124.683,271.561,0,0
-124.683,271.561,0,0
-126.962,271.592,0,0
-129.06,271.045,0,0
-129.06,271.045,0,0
-130.828,270.004,0,0
-132.561,269.555,0,0
-132.561,269.555,0,0
-133.887,269.331,0,0
-133.887,269.331,0,0
-134.382,269.23,0,0
-134.759,270.227,0,0
-134.759,270.227,0,0
-135.12,271.946,0,0
-135.065,273.141,0,0
-135.065,273.141,0,0
-134.861,273.169,0,0
-134.861,273.169,0,0
-134.402,272.248,0,0
-134.402,272.248,0,0
-134.969,271.306,0,0
-135.132,270.388,0,0
-135.132,270.388,0,0
-134.901,269.631,0,0
-135.392,269.031,0,0
-135.392,269.031,0,0
-135.295,267.937,0,0
-135.295,267.937,0,0
-133.225,265.811,0,0
-131.315,264.483,0,0
-131.315,264.483,0,0
-128.759,265.256,0,0
-126.714,265.924,0,0
-126.714,265.924,0,0
-125.183,266.782,0,0
-125.183,266.782,0,0
-125.183,266.782,0,0
-124.258,267.763,0,0
-122.709,268.175,0,0
-122.709,268.175,0,0
-121.268,269.253,0,0
-121.268,269.253,0,0
-118.835,271.208,0,0
-116.463,272.98,0,0
-116.463,272.98,0,0
-114.802,274.453,0,0
-114.802,274.453,0,0
-114.219,275.144,0,0
-114.17,274.627,0,0
-114.17,274.627,0,0
-114.226,273.664,0,0
-114.226,273.664,0,0
-114.393,273.442,0,0
-114.699,273.717,0,0
-114.699,273.717,0,0
-115.296,274.236,0,0
-115.349,274.488,0,0
-115.349,274.488,0,0
-114.888,274.457,0,0
-114.888,274.457,0,0
-113.272,274.906,0,0
-113.272,274.906,0,0
-113.067,276.544,0,0
-112.395,278.16,0,0
-112.395,278.16,0,0
-111.154,279.631,0,0
-109.455,280.757,0,0
-109.455,280.757,0,0
-108.163,281.118,0,0
-108.163,281.118,0,0
-106.4,280.491,0,0
-103.898,279.059,0,0
-103.898,279.059,0,0
-101.145,277.84,0,0
-98.0793,277.488,0,0
-98.0793,277.488,0,0
-94.7379,276.601,0,0
-94.7379,276.601,0,0
-91.6068,275.917,0,0
-87.7916,275.391,0,0
-87.7916,275.391,0,0
-84.8581,274.595,0,0
-84.8581,274.595,0,0
-82.4507,274.787,0,0
-80.1991,275.161,0,0
-80.1991,275.161,0,0
-78.8295,275.951,0,0
-78.8295,275.951,0,0
-77.8182,276.805,0,0
-77.8182,276.805,0,0
-76.6511,277.943,0,0
-75.5029,279.244,0,0
-75.5029,279.244,0,0
-74.6471,280.216,0,0
-74.7716,281.09,0,0
-74.7716,281.09,0,0
-75.4887,281.601,0,0
-75.4887,281.601,0,0
-77.1022,281.601,0,0
-79.1947,281.439,0,0
-79.1947,281.439,0,0
-81.2218,280.96,0,0
-81.2218,280.96,0,0
-83.2292,280.179,0,0
-83.2292,280.179,0,0
-84.8132,278.675,0,0
-86.4591,277.223,0,0
-86.4591,277.223,0,0
-88.8599,275.885,0,0
-91.0123,275.572,0,0
-91.0123,275.572,0,0
-93.5822,275.436,0,0
-93.5822,275.436,0,0
-96.1941,274.809,0,0
-99.1437,273.696,0,0
-99.1437,273.696,0,0
-102.19,272.56,0,0
-102.19,272.56,0,0
-105.462,271.525,0,0
-108.567,270.327,0,0
-108.567,270.327,0,0
-112.309,269.52,0,0
-112.309,269.52,0,0
-115.235,268.782,0,0
-118.038,267.923,0,0
-118.038,267.923,0,0
-119.636,267.708,0,0
-121.257,268.08,0,0
-121.257,268.08,0,0
-121.934,268.877,0,0
-121.934,268.877,0,0
-122.806,270.093,0,0
-122.806,270.093,0,0
-123.654,271.697,0,0
-124.436,273.566,0,0
-124.436,273.566,0,0
-125.192,275.358,0,0
-125.192,275.358,0,0
-125.392,277.236,0,0
-125.228,278.957,0,0
-125.228,278.957,0,0
-125.331,280.62,0,0
-125.267,281.973,0,0
-125.267,281.973,0,0
-125.299,282.757,0,0
-125.299,282.757,0,0
-124.752,283.6,0,0
-124.027,284.441,0,0
-124.027,284.441,0,0
-122.597,285.513,0,0
-122.597,285.513,0,0
-120.565,286.47,0,0
-118.996,287.165,0,0
-118.996,287.165,0,0
-117.143,287.611,0,0
-117.143,287.611,0,0
-114.407,288.45,0,0
-111.747,288.998,0,0
-109.478,289.152,0,0
-109.478,289.152,0,0
-107.221,289.536,0,0
-107.221,289.536,0,0
-105.552,289.791,0,0
-105.552,289.791,0,0
-103.399,290.014,0,0
-100.826,290.242,0,0
-100.826,290.242,0,0
-98.9119,289.656,0,0
-98.9119,289.656,0,0
-96.8624,289.309,0,0
-94.7293,288.744,0,0
-94.7293,288.744,0,0
-92.6805,287.445,0,0
-90.4525,286.381,0,0
-90.4525,286.381,0,0
-88.0556,284.999,0,0
-88.0556,284.999,0,0
-86.1668,283.711,0,0
-84.7743,282.191,0,0
-84.7743,282.191,0,0
-83.7634,280.395,0,0
-82.2155,278.469,0,0
-82.2155,278.469,0,0
-80.5458,276.106,0,0
-80.5458,276.106,0,0
-79.4056,274.066,0,0
-79.4056,271.901,0,0
-78.5654,271.901,0,0
-78.3523,269.594,0,0
-78.3523,269.594,0,0
-78.0886,266.942,0,0
-78.3172,263.93,0,0
-78.3172,263.93,0,0
-78.8087,260.886,0,0
-78.8087,260.886,0,0
-80.0349,257.808,0,0
-81.352,254.638,0,0
-81.352,254.638,0,0
-82.9005,252.157,0,0
-82.9005,252.157,0,0
-83.9298,249.542,0,0
-85.1153,247.744,0,0
-85.1153,247.744,0,0
-86.5907,246.704,0,0
-88.7954,245.991,0,0
-88.7954,245.991,0,0
-90.9444,246.067,0,0
-90.9444,246.067,0,0
-93.7892,246.972,0,0
-96.6624,247.832,0,0
-96.6624,247.832,0,0
-99.7972,248.302,0,0
-99.7972,248.302,0,0
-103.355,248.635,0,0
-106.826,249,0,0
-106.826,249,0,0
-109.665,249.497,0,0
-112.662,250.248,0,0
-112.662,250.248,0,0
-116.333,250.87,0,0
-116.333,250.87,0,0
-119.549,250.364,0,0
-119.549,250.364,0,0
-121.808,248.546,0,0
-125.596,246.482,0,0
-125.596,246.482,0,0
-128.408,244.413,0,0
-128.408,244.413,0,0
-131.237,242.599,0,0
-134.102,240.764,0,0
-134.102,240.764,0,0
-137.426,238.65,0,0
-140.223,236.919,0,0
-140.223,236.919,0,0
-143.973,234.938,0,0
-143.973,234.938,0,0
-146.858,233.553,0,0
-150.241,232.989,0,0
-150.241,232.989,0,0
-153.464,232.477,0,0
-153.464,232.477,0,0
-156.46,232.271,0,0
-159.138,233.464,0,0
-159.138,233.464,0,0
-160.773,235.396,0,0
-160.773,235.396,0,0
-161.915,237.84,0,0
-162.525,240.22,0,0
-162.525,240.22,0,0
-163.086,243.226,0,0
-163.086,243.226,0,0
-163.236,246.966,0,0
-163.686,250.287,0,0
-163.686,250.287,0,0
-164.435,253.414,0,0
-164.435,253.414,0,0
-165.482,256.389,0,0
-166.666,258.725,0,0
-166.666,258.725,0,0
-167.651,261.138,0,0
-168.441,263.512,0,0
-168.441,263.512,0,0
-169.114,265.552,0,0
-169.114,265.552,0,0
-170.012,267.422,0,0
-171.26,268.838,0,0
-171.26,268.838,0,0
-171.714,269.094,0,0
-171.846,268.032,0,0
-171.846,268.032,0,0
-171.332,266.784,0,0
-171.332,266.784,0,0
-170.393,265.54,0,0
-170.393,265.54,0,0
-169.463,264.493,0,0
-168.561,263.758,0,0
-168.561,263.758,0,0
-168.023,262.848,0,0
-167.271,261.918,0,0
-167.271,261.918,0,0
-166.203,260.838,0,0
-166.203,260.838,0,0
-165.347,259.549,0,0
-165.43,258.034,0,0
-165.43,258.034,0,0
-165.647,256.854,0,0
-165.647,256.854,0,0
-166.602,255.821,0,0
-168.079,255.325,0,0
-168.079,255.325,0,0
-169.859,254.617,0,0
-169.859,254.617,0,0
-172.364,252.49,0,0
-174.811,250.023,0,0
-176.852,247.436,0,0
-176.852,247.436,0,0
-179.179,245.529,0,0
-179.179,245.529,0,0
-181.142,243.974,0,0
-181.142,243.974,0,0
-182.65,243.372,0,0
-185.685,242.932,0,0
-185.685,242.932,0,0
-188.282,242.764,0,0
-188.282,242.764,0,0
-190.38,242.3,0,0
-192.568,241.469,0,0
-192.568,241.469,0,0
-195.587,241.122,0,0
-199.218,240.893,0,0
-199.218,240.893,0,0
-201.692,240.768,0,0
-201.692,240.768,0,0
-205.067,241.263,0,0
-209.018,242.118,0,0
-209.018,242.118,0,0
-213.022,242.031,0,0
-213.022,242.031,0,0
-216.771,241.14,0,0
-216.771,241.14,0,0
-219.89,239.82,0,0
-223.674,238.432,0,0
-227.334,237.492,0,0
-227.334,237.492,0,0
-227.334,237.492,0,0
-230.727,236.679,0,0
-234.256,235.797,0,0
-234.256,235.797,0,0
-237.574,235.344,0,0
-240.505,235.595,0,0
-240.505,235.595,0,0
-242.332,236.726,0,0
-243.815,238.399,0,0
-243.815,238.399,0,0
-244.589,240.679,0,0
-244.589,240.679,0,0
-244.495,243.508,0,0
-244.495,243.508,0,0
-244.391,245.981,0,0
-244.05,248.391,0,0
-244.05,248.391,0,0
-244.008,250.53,0,0
-245.636,252.764,0,0
-245.636,252.764,0,0
-248.008,254.611,0,0
-248.008,254.611,0,0
-250.673,255.171,0,0
-250.673,255.171,0,0
-253.523,255.069,0,0
-255.917,255.051,0,0
-257.741,255.003,0,0
-257.741,255.003,0,0
-260.156,255.03,0,0
-260.156,255.03,0,0
-262.289,254.921,0,0
-262.289,254.921,0,0
-264.862,254.938,0,0
-267.409,254.384,0,0
-267.409,254.384,0,0
-269.222,253.886,0,0
-269.222,253.886,0,0
-271.349,253.567,0,0
-273.703,253.837,0,0
-273.703,253.837,0,0
-276.069,254.327,0,0
-276.069,254.327,0,0
-278.934,255.855,0,0
-283.494,257.272,0,0
-288.622,258.05,0,0
-288.622,258.05,0,0
-293.046,258.762,0,0
-293.046,258.762,0,0
-296.991,258.71,0,0
-296.991,258.71,0,0
-299.929,257.969,0,0
-302.288,257.211,0,0
-302.288,257.211,0,0
-304.674,257.215,0,0
-307.209,258.178,0,0
-307.209,258.178,0,0
-309.465,259.475,0,0
-309.465,259.475,0,0
-310.934,260.839,0,0
-310.934,260.839,0,0
-312.578,262.07,0,0
-313.883,262.94,0,0
-313.868,263.858,0,0
-313.868,263.858,0,0
-312.132,264.608,0,0
-312.132,264.608,0,0
-310.1,266.111,0,0
-310.1,266.111,0,0
-308.717,267.038,0,0
-307.114,267.651,0,0
-307.114,267.651,0,0
-305.028,268.426,0,0
-305.028,268.426,0,0
-302.79,268.004,0,0
-300.18,268.783,0,0
-300.18,268.783,0,0
-299.22,270.189,0,0
-298.726,271.806,0,0
-298.726,271.806,0,0
-298.857,272.595,0,0
-298.857,272.595,0,0
-301.139,272.904,0,0
-301.139,272.904,0,0
-303.398,272.106,0,0
-306.695,270.455,0,0
-306.695,270.455,0,0
-310.147,269.157,0,0
-313.247,267.926,0,0
-313.247,267.926,0,0
-315.607,266.97,0,0
-318.024,266.489,0,0
-318.024,266.489,0,0
-319.599,265.749,0,0
-319.599,265.749,0,0
-321.754,265.585,0,0
-321.754,265.585,0,0
-323.979,264.735,0,0
-325.576,264.485,0,0
-325.576,264.485,0,0
-326.602,264.446,0,0
-326.927,264.478,0,0
-326.927,264.478,0,0
-327.359,265.23,0,0
-327.359,265.23,0,0
-327.866,266.286,0,0
-328.252,267.499,0,0
-328.252,267.499,0,0
-328.292,267.92,0,0
-328.292,267.92,0,0
-327.533,267.604,0,0
-326.819,268.074,0,0
-326.819,268.074,0,0
-326.852,269.037,0,0
-326.852,269.037,0,0
-327.316,269.436,0,0
-329.304,268.919,0,0
-329.304,268.919,0,0
-331.673,269.319,0,0
-331.673,269.319,0,0
-334.116,269.425,0,0
-337.101,271.289,0,0
-339.031,273.752,0,0
-339.031,273.752,0,0
-340.788,275.832,0,0
-340.788,275.832,0,0
-342.604,277.704,0,0
-342.604,277.704,0,0
-344.473,279.67,0,0
-346.823,281.461,0,0
-346.823,281.461,0,0
-349.328,281.731,0,0
-349.328,281.731,0,0
-351.721,281.594,0,0
-352.31,280.576,0,0
-352.31,280.576,0,0
-351.075,278.627,0,0
-351.075,278.627,0,0
-350.222,277.638,0,0
-348.36,277.408,0,0
-346.402,277.631,0,0
-346.402,277.631,0,0
-346.402,277.631,0,0
-344.6,278.319,0,0
-343.038,278.984,0,0
-341.801,280.385,0,0
-341.801,280.385,0,0
-342.357,283.816,0,0
-342.357,283.816,0,0
-344.845,287.894,0,0
-344.845,287.894,0,0
-348.572,292.225,0,0
-352.914,296.493,0,0
-352.914,296.493,0,0
-356.714,299.66,0,0
-356.714,299.66,0,0
-360.14,302.018,0,0
-361.05,303.083,0,0
-360.172,303.686,0,0
-357.972,303.967,0,0
-355.155,304.172,0,0
-351.646,304.329,0,0
-347.666,304.117,0,0
-343.549,302.668,0,0
-339.268,300.188,0,0
-339.268,300.188,0,0
-335.092,297.404,0,0
-330.718,294.846,0,0
-325.968,292.114,0,0
-320.259,288.825,0,0
-315.493,286.731,0,0
-311.319,285.257,0,0
-308.716,284.849,0,0
-306.399,285.455,0,0
-306.399,285.455,0,0
-304.459,285.326,0,0
-302.498,285.017,0,0
-301.429,284.57,0,0
-301.774,283.21,0,0
-302.989,282.162,0,0
-303.601,280.853,0,0
-304.796,279.939,0,0
-306.391,279.714,0,0
-308.157,280.747,0,0
-310.277,282.673,0,0
-312.673,284.414,0,0
-312.673,284.414,0,0
-317.514,287.629,0,0
-317.514,287.629,0,0
-320.008,288.195,0,0
-322.612,288.526,0,0
-324.544,289.274,0,0
-326.591,289.471,0,0
-326.591,289.471,0,0
-328.343,289.64,0,0
-329.691,290.072,0,0
-329.691,290.072,0,0
-331.139,289.525,0,0
-331.139,289.525,0,0
-332.262,288.854,0,0
-332.38,288.102,0,0
-332.38,288.102,0,0
-332.704,287.649,0,0
-332.541,287.338,0,0
-332.541,287.338,0,0
-332.266,286.805,0,0
-331.493,286.394,0,0
-331.493,286.394,0,0
-330.753,286.8,0,0
-329.551,287.65,0,0
-329.551,287.65,0,0
-329.551,287.65,0,0
-328.19,288.472,0,0
-326.156,289.158,0,0
-326.156,289.158,0,0
-323.99,290.585,0,0
-323.99,290.585,0,0
-321.665,292.459,0,0
-318.538,294.85,0,0
-316.17,297.399,0,0
-316.17,297.399,0,0
-313.363,299.353,0,0
-313.363,299.353,0,0
-310.428,301.103,0,0
-310.428,301.103,0,0
-308.186,303.7,0,0
-306.208,306.423,0,0
-306.208,306.423,0,0
-303.924,308.953,0,0
-303.924,308.953,0,0
-301.41,310.705,0,0
-298.519,312.277,0,0
-298.519,312.277,0,0
-295.508,313.639,0,0
-295.508,313.639,0,0
-292.249,314.772,0,0
-289.314,315.651,0,0
-289.314,315.651,0,0
-286.89,316.147,0,0
-286.89,316.147,0,0
-285.553,316.581,0,0
-284.944,317.943,0,0
-284.944,317.943,0,0
-284.536,319.334,0,0
-284.49,321.169,0,0
-284.49,321.169,0,0
-284.49,321.169,0,0
-284.97,323.103,0,0
-284.97,323.103,0,0
-285.333,325.571,0,0
-285.333,325.571,0,0
-286.503,327.568,0,0
-288.207,329.408,0,0
-288.207,329.408,0,0
-290.115,331.04,0,0
-290.115,331.04,0,0
-292.047,333.376,0,0
-294.352,335.271,0,0
-294.352,335.271,0,0
-296.42,337.382,0,0
-298.748,340.114,0,0
-298.748,340.114,0,0
-301.377,343.041,0,0
-301.377,343.041,0,0
-304.501,345.743,0,0
-308.014,348.259,0,0
-311.499,350.43,0,0
-311.499,350.43,0,0
-311.499,350.43,0,0
-314.83,353.26,0,0
-318.364,356.271,0,0
-318.364,356.271,0,0
-321.869,359.54,0,0
-325.774,362.521,0,0
-325.774,362.521,0,0
-328.618,365.161,0,0
-332.043,367.769,0,0
-332.043,367.769,0,0
-336.2,370.217,0,0
-336.2,370.217,0,0
-339.465,372.491,0,0
-339.465,372.491,0,0
-342.255,373.985,0,0
-344.792,375.456,0,0
-344.792,375.456,0,0
-346.723,376.615,0,0
-346.723,376.615,0,0
-348.109,377.347,0,0
-348.171,377.271,0,0
-348.171,377.271,0,0
-346.479,377.546,0,0
-346.479,377.546,0,0
-344.367,377.152,0,0
-342.378,377.56,0,0
-340.525,378.624,0,0
-340.525,378.624,0,0
-338.3,379.47,0,0
-338.3,379.47,0,0
-335.479,379.981,0,0
-335.479,379.981,0,0
-331.973,379.311,0,0
-328.967,378.402,0,0
-328.967,378.402,0,0
-325.91,377.895,0,0
-322.379,377.449,0,0
-322.379,377.449,0,0
-318.766,376.657,0,0
-318.766,376.657,0,0
-315.251,375.754,0,0
-315.251,375.754,0,0
-311.108,374.595,0,0
-307.652,373.741,0,0
-307.652,373.741,0,0
-304.008,373.243,0,0
-300.399,372.955,0,0
-300.399,372.955,0,0
-296.733,373.114,0,0
-296.733,373.114,0,0
-293.625,373.016,0,0
-291.092,373.123,0,0
-291.092,373.123,0,0
-288.612,373.739,0,0
-288.612,373.739,0,0
-285.753,375.217,0,0
-282.713,378.254,0,0
-282.713,378.254,0,0
-283.104,379.544,0,0
-284.075,380.797,0,0
-285.237,382.019,0,0
-286.518,383.149,0,0
-287.951,384.14,0,0
-290.227,384.984,0,0
-293.656,385.715,0,0
-297.34,386.838,0,0
-300.723,387.674,0,0
-300.723,387.674,0,0
-304.167,389.042,0,0
-307.714,389.905,0,0
-310.921,390.893,0,0
-310.921,390.893,0,0
-314.253,391.546,0,0
-314.253,391.546,0,0
-316.417,391.43,0,0
-319.028,391.377,0,0
-319.028,391.377,0,0
-320.147,391.317,0,0
-318.807,391.32,0,0
-318.807,391.32,0,0
-317.384,391.217,0,0
-317.384,391.217,0,0
-315.316,390.939,0,0
-311.002,390.758,0,0
-311.002,390.758,0,0
-306.372,390.559,0,0
-306.372,390.559,0,0
-301.608,390.82,0,0
-296.889,390.691,0,0
-296.889,390.691,0,0
-292.095,390.56,0,0
-287.914,390.526,0,0
-287.914,390.526,0,0
-283.817,390.598,0,0
-283.817,390.598,0,0
-278.969,390.812,0,0
-273.639,390.531,0,0
-273.639,390.531,0,0
-269.2,391.035,0,0
-265.418,391.452,0,0
-265.418,391.452,0,0
-262.304,392.365,0,0
-262.304,392.365,0,0
-260.147,393.855,0,0
-260.147,393.855,0,0
-256.554,395.874,0,0
-252.879,398.475,0,0
-252.879,398.475,0,0
-249.988,400.518,0,0
-249.988,400.518,0,0
-246.625,402.501,0,0
-243.238,403.878,0,0
-240.069,404.466,0,0
-240.069,404.466,0,0
-237.846,404.387,0,0
-237.846,404.387,0,0
-236.271,403.891,0,0
-236.271,403.891,0,0
-234.25,403.061,0,0
-232.748,402.196,0,0
-232.748,402.196,0,0
-232.471,401.867,0,0
-232.471,401.867,0,0
-232.383,401.478,0,0
-232.383,401.478,0,0
-232.893,401.268,0,0
-232.248,400.95,0,0
-232.248,400.95,0,0
-230.72,400.158,0,0
-230.72,400.158,0,0
-228.815,399.226,0,0
-227.142,398.929,0,0
-227.142,398.929,0,0
-225.654,398.892,0,0
-225.654,398.892,0,0
-224.399,398.884,0,0
-222.9,399.191,0,0
-222.9,399.191,0,0
-221.525,399.828,0,0
-221.525,399.828,0,0
-219.927,400.05,0,0
-217.688,399.914,0,0
-217.688,399.914,0,0
-214.523,400.127,0,0
-214.523,400.127,0,0
-211.361,399.749,0,0
-208.134,399.971,0,0
-208.134,399.971,0,0
-204.642,399.936,0,0
-201.459,399.015,0,0
-201.459,399.015,0,0
-197.998,398.094,0,0
-197.998,398.094,0,0
-194.719,397.479,0,0
-190.531,396.545,0,0
-190.531,396.545,0,0
-185.862,396.264,0,0
-185.862,396.264,0,0
-182.829,395.917,0,0
-181.343,395.494,0,0
-181.343,395.494,0,0
-180.451,394.753,0,0
-180.451,394.753,0,0
-179.694,393.627,0,0
-179.47,392.489,0,0
-179.47,392.489,0,0
-179.036,391.508,0,0
-178.496,391.346,0,0
-178.496,391.346,0,0
-175.673,391.48,0,0
-175.673,391.48,0,0
-174.325,392.451,0,0
-172.409,393.857,0,0
-172.409,393.857,0,0
-170.13,395.023,0,0
-170.13,395.023,0,0
-168.808,395.326,0,0
-169.015,395.742,0,0
-169.015,395.742,0,0
-170.381,396.381,0,0
-172.834,397.536,0,0
-172.834,397.536,0,0
-175.569,398.74,0,0
-178.565,399.92,0,0
-178.565,399.92,0,0
-178.565,399.92,0,0
-182.494,401.138,0,0
-186.525,401.18,0,0
-189.621,400.74,0,0
-189.621,400.74,0,0
-192.111,400.053,0,0
-192.111,400.053,0,0
-194.384,399.426,0,0
-195.862,399.05,0,0
-195.862,399.05,0,0
-197.381,399.786,0,0
-197.381,399.786,0,0
-199.152,400.073,0,0
-199.152,400.073,0,0
-201.634,399.723,0,0
-203.893,399.032,0,0
-203.893,399.032,0,0
-206.14,398.292,0,0
-206.14,398.292,0,0
-208.027,397.682,0,0
-209.036,397.45,0,0
-209.036,397.45,0,0
-210.235,397.921,0,0
-210.235,397.921,0,0
-211.406,398.518,0,0
-212.537,399.236,0,0
-212.537,399.236,0,0
-212.787,400.039,0,0
-212.846,400.721,0,0
-212.846,400.721,0,0
-212.613,401.284,0,0
-212.613,401.284,0,0
-210.555,401.108,0,0
-207.807,400.198,0,0
-204.761,399.248,0,0
-204.761,399.248,0,0
-204.761,399.248,0,0
-201.004,398.477,0,0
-197.726,397.194,0,0
-194.266,395.943,0,0
-194.266,395.943,0,0
-190.966,395.524,0,0
-190.966,395.524,0,0
-187.277,395.351,0,0
-187.277,395.351,0,0
-185.481,394.659,0,0
-184.916,393.559,0,0
-184.916,393.559,0,0
-184.536,391.923,0,0
-183.935,390.559,0,0
-183.935,390.559,0,0
-182.137,389.158,0,0
-182.137,389.158,0,0
-178.691,387.868,0,0
-178.691,387.868,0,0
-175.02,386.409,0,0
-171.363,385.59,0,0
-171.363,385.59,0,0
-167.553,385.369,0,0
-164.1,385.522,0,0
-164.1,385.522,0,0
-161.507,385.755,0,0
-161.507,385.755,0,0
-159.355,386.101,0,0
-157.809,386.852,0,0
-157.809,386.852,0,0
-156.518,388.059,0,0
-156.518,388.059,0,0
-155.426,389.48,0,0
-154.633,391.305,0,0
-154.633,391.305,0,0
-154.012,392.588,0,0
-154.729,393.841,0,0
-154.729,393.841,0,0
-155.285,394.868,0,0
-155.285,394.868,0,0
-155.367,395.58,0,0
-154.763,395.007,0,0
-154.763,395.007,0,0
-153.696,393.701,0,0
-153.696,393.701,0,0
-154.231,393.231,0,0
-156.89,393.469,0,0
-156.89,393.469,0,0
-160.267,395.473,0,0
-162.941,397.683,0,0
-162.941,397.683,0,0
-163.979,398.834,0,0
-163.979,398.834,0,0
-164.714,399.287,0,0
-164.714,399.287,0,0
-163.896,399.622,0,0
-164.171,400.287,0,0
-164.171,400.287,0,0
-164.386,400.871,0,0
-164.624,400.772,0,0
-164.624,400.772,0,0
-164.448,399.855,0,0
-164.448,399.855,0,0
-163.808,398.499,0,0
-162.724,396.778,0,0
-162.724,396.778,0,0
-160.19,394.883,0,0
-160.19,394.883,0,0
-157.299,393.273,0,0
-153.616,391.595,0,0
-153.616,391.595,0,0
-149.496,390.058,0,0
-149.496,390.058,0,0
-145.161,388.736,0,0
-140.942,387.562,0,0
-140.942,387.562,0,0
-136.749,386.688,0,0
-131.931,385.82,0,0
-131.931,385.82,0,0
-127.155,385.348,0,0
-127.155,385.348,0,0
-122.035,385.504,0,0
-117.694,386.415,0,0
-117.694,386.415,0,0
-113.736,387.711,0,0
-110.219,387.996,0,0
-110.219,387.996,0,0
-105.89,387.302,0,0
-105.89,387.302,0,0
-101.908,386.301,0,0
-101.908,386.301,0,0
-98.1937,385.372,0,0
-94.5461,384.728,0,0
-94.5461,384.728,0,0
-90.3012,384.537,0,0
-86.7942,384.768,0,0
-86.7942,384.768,0,0
-82.958,385.089,0,0
-80.6175,386.019,0,0
-80.6175,386.019,0,0
-77.6839,387.468,0,0
-77.6839,387.468,0,0
-74.9025,389.369,0,0
-74.9025,389.369,0,0
-72.4792,391.082,0,0
-68.9919,392.432,0,0
-68.9919,392.432,0,0
-66.2881,393.02,0,0
-66.2881,393.02,0,0
-64.17,393.053,0,0
-61.9132,392.683,0,0
-61.9132,392.683,0,0
-58.4252,391.858,0,0
-55.158,391.296,0,0
-55.158,391.296,0,0
-53.0737,391.329,0,0
-53.0737,391.329,0,0
-51.5348,392.449,0,0
-50.8979,393.724,0,0
-50.8979,393.724,0,0
-52.0226,394.587,0,0
-52.0226,394.587,0,0
-54.1437,394.519,0,0
-56.7039,394.116,0,0
-56.7039,394.116,0,0
-61.6885,394.13,0,0
-61.6885,394.13,0,0
-67.1129,394.611,0,0
-73.3894,395.512,0,0
-73.3894,395.512,0,0
-78.1262,395.741,0,0
-82.7336,395.837,0,0
-82.7336,395.837,0,0
-86.1155,395.409,0,0
-86.1155,395.409,0,0
-89.5405,395.794,0,0
-92.8372,396.296,0,0
-92.8372,396.296,0,0
-95.9054,395.711,0,0
-95.9054,395.711,0,0
-96.9632,394.713,0,0
-96.3798,392.966,0,0
-96.3798,392.966,0,0
-94.1066,390.702,0,0
-94.1066,390.702,0,0
-90.7582,388.826,0,0
-87.5772,387.52,0,0
-87.5772,387.52,0,0
-83.5391,386.529,0,0
-78.7234,386.255,0,0
-78.7234,386.255,0,0
-72.5319,386.266,0,0
-72.5319,386.266,0,0
-66.6259,386.284,0,0
-60.2209,386.35,0,0
-60.2209,386.35,0,0
-53.8152,386.396,0,0
-53.8152,386.396,0,0
-48.0941,386.379,0,0
-42.4936,386.797,0,0
-42.4936,386.797,0,0
-37.0338,387.852,0,0
-31.8462,389.038,0,0
-31.8462,389.038,0,0
-27.6413,389.862,0,0
-27.6413,389.862,0,0
-24.2937,389.847,0,0
-24.2937,389.847,0,0
-21.9811,389.243,0,0
-18.8809,389.042,0,0
-18.8809,389.042,0,0
-17.108,389.426,0,0
-13.2703,389.944,0,0
-13.2703,389.944,0,0
-8.35751,390.866,0,0
-4.99704,392.067,0,0
-4.99704,392.067,0,0
-0.89328,392.27,0,0
-0.89328,392.27,0,0
2.9196,392.783,0,0
3.68217,392.886,0,0
3.68217,392.886,0,0
3.83469,392.906,0,0
3.83469,392.906,0,0
3.86519,392.91,0,0
3.87129,392.911,0,0
3.87129,392.911,0,0
3.87251,392.911,0,0
3.87251,392.911,0,0
4.29254,392.376,0,0
8.55203,390.566,0,0
8.55203,390.566,0,0
9.40393,390.204,0,0
9.57431,390.132,0,0
9.57431,390.132,0,0
12.912,387.585,0,0
12.912,387.585,0,0
13.5795,387.076,0,0
13.713,386.974,0,0
13.713,386.974,0,0
13.7397,386.953,0,0
13.7397,386.953,0,0
13.7451,386.949,0,0
13.7461,386.949,0,0
13.7461,386.949,0,0
13.7464,386.948,0,0
13.7464,386.948,0,0
13.7464,386.948,0,0
13.7464,386.948,0,0
13.7464,386.948,0,0
13.7464,386.948,0,0
13.7464,386.948,0,0
13.7464,386.948,0,0
13.7464,386.948,0,0
13.7464,386.948,0,0
13.7464,386.948,0,0
13.7464,386.948,0,0
13.7464,386.948,0,0
13.7464,386.948,0,0
13.7464,386.948,0,0
13.7464,386.948,0,0
13.7464,386.948,0,0
13.7464,386.948,0,0
13.7464,386.948,0,0
13.7464,386.948,0,0
13.7464,386.948,0,0
13.7464,386.948,0,0
13.7464,386.948,0,0
13.7464,386.948,0,0
13.7464,386.948,0,0
13.7464,386.948,0,0
13.7464,386.948,0,0
13.7464,386.948,0,0
13.7464,386.948,0,0
13.7464,386.948,0,0
13.7464,386.948,0,0
13.7464,386.948,0,0
13.7464,386.948,0,0
15.0095,387.112,0,0
15.2621,387.144,0,0
15.2621,387.144,0,0
15.3126,387.151,0,0
15.3126,387.151,0,0
15.3227,387.152,0,0
15.3247,387.152,0,0
15.3247,387.152,0,0
15.3251,387.152,0,0
15.3251,387.152,0,0
15.3252,387.152,0,0
15.3252,387.152,0,0
15.3252,387.152,0,0
15.3252,387.152,0,0
15.3252,387.152,0,0
15.3252,387.152,0,0
15.3252,387.152,0,0
15.3252,387.152,0,0
15.3252,387.152,0,0
15.3252,387.152,0,0
15.3252,387.152,0,0
15.3252,387.152,0,0
15.3252,387.152,0,0
15.3252,387.152,0,0
15.3252,387.152,0,0
15.3252,387.152,0,0
15.3252,387.152,0,0
15.3252,387.152,0,0
15.3252,387.152,0,0
15.3252,387.152,0,0
15.3252,387.152,0,0
15.3252,387.152,0,0
15.3252,387.152,0,0
15.3252,387.152,0,0
15.3252,387.152,0,0
15.3252,387.152,0,0
15.3252,387.152,0,0
15.3252,387.152,0,0
15.3252,387.152,0,0
15.3252,387.152,0,0
15.3252,387.152,0,0
15.3252,387.152,0,0
15.3252,387.152,0,0
15.3252,387.152,0,0
15.3252,387.152,0,0
15.3252,387.152,0,0
15.3252,387.152,0,0
15.3252,387.152,0,0
15.3252,387.152,0,0
15.3252,387.152,0,0
15.3252,387.152,0,0
15.3252,387.152,0,0
15.3252,387.152,0,0
15.3252,387.152,0,0
15.3252,387.152,0,0
15.3252,387.152,0,0
15.3252,387.152,0,0
15.3252,387.152,0,0
15.3252,387.152,0,0
15.3252,387.152,0,0
15.3252,387.152,0,0
15.3252,387.152,0,0
15.3252,387.152,0,0
15.3252,387.152,0,0
15.3252,387.152,0,0
15.3252,387.152,0,0
15.3252,387.152,0,0
15.3252,387.152,0,0
15.3252,387.152,0,0
15.3252,387.152,0,0
15.3252,387.152,0,0
15.3252,387.152,0,0
15.3252,387.152,0,0
15.3252,387.152,0,0
15.3252,387.152,0,0
15.3252,387.152,0,0
15.3252,387.152,0,0
15.3252,387.152,0,0
15.3252,387.152,0,0
15.3252,387.152,0,0
15.3252,387.152,0,0
15.3252,387.152,0,0
15.3252,387.152,0,0
15.3252,387.152,0,0
15.3252,387.152,0,0
15.3252,387.152,0,0
15.3252,387.152,0,0
15.3252,387.152,0,0
15.3252,387.152,0,0
15.3252,387.152,0,0
15.3252,387.152,0,0
15.3252,387.152,0,0
15.3252,387.152,0,0
15.3252,387.152,0,0
15.3252,387.152,0,0
15.3252,387.152,0,0
15.3252,387.152,0,0
15.3252,387.152,0,0
15.3252,387.152,0,0
15.3252,387.152,0,0
15.3252,387.152,0,0
15.3252,387.152,0,0
15.3252,387.152,0,0
15.3252,387.152,0,0
15.3252,387.152,0,0
15.3252,387.152,0,0
15.3252,387.152,0,0
15.3252,387.152,0,0
15.3252,387.152,0,0
15.3252,387.152,0,0
15.3252,387.152,0,0
15.3252,387.152,0,0
15.3252,387.152,0,0
15.3252,387.152,0,0
15.3252,387.152,0,0
15.3252,387.152,0,0
15.3252,387.152,0,0
15.3252,387.152,0,0
15.3252,387.152,0,0
15.3252,387.152,0,0
15.3252,387.152,0,0
15.3252,387.152,0,0
15.3252,387.152,0,0
15.3252,387.152,0,0
15.3252,387.152,0,0
15.3252,387.152,0,0
15.3252,387.152,0,0
15.3252,387.152,0,0
15.3252,387.152,0,0
15.3252,387.152,0,0
15.3252,387.152,0,0
15.3252,387.152,0,0
15.3252,387.152,0,0
15.3252,387.152,0,0
15.3252,387.152,0,0
15.3252,387.152,0,0
15.3252,387.152,0,0
15.3252,387.152,0,0
15.3252,387.152,0,0
15.3252,387.152,0,0
15.3252,387.152,0,0
15.3252,387.152,0,0
15.3252,387.152,0,0
15.3252,387.152,0,0
15.3252,387.152,0,0
15.3252,387.152,0,0
15.3252,387.152,0,0
15.3252,387.152,0,0
15.3252,387.152,0,0
15.3252,387.152,0,0
15.3252,387.152,0,0
15.3252,387.152,0,0
15.3252,387.152,0,0
15.3252,387.152,0,0
15.3252,387.152,0,0
15.3252,387.152,0,0
15.3252,387.152,0,0
15.3252,387.152,0,0
15.3252,387.152,0,0
15.3252,387.152,0,0
15.3252,387.152,0,0
15.3252,387.152,0,0
15.3252,387.152,0,0
15.3252,387.152,0,0
15.3252,387.152,0,0
15.3252,387.152,0,0
15.3252,387.152,0,0
15.3252,387.152,0,0
15.3252,387.152,0,0
15.3252,387.152,0,0
15.3252,387.152,0,0
15.3252,387.152,0,0
15.3252,387.152,0,0
15.3252,387.152,0,0
15.3252,387.152,0,0
15.3252,387.152,0,0
15.3252,387.152,0,0
15.3252,387.152,0,0
15.3252,387.152,0,0
15.3252,387.152,0,0
15.3252,387.152,0,0
15.3252,387.152,0,0
15.3252,387.152,0,0
15.3252,387.152,0,0
15.3252,387.152,0,0
15.3252,387.152,0,0
15.3252,387.152,0,0
15.3252,387.152,0,0
15.3252,387.152,0,0
15.3252,387.152,0,0
15.3252,387.152,0,0
15.3252,387.152,0,0
15.3252,387.152,0,0
15.3252,387.152,0,0
15.3252,387.152,0,0
15.3252,387.152,0,0
15.3252,387.152,0,0
15.3252,387.152,0,0
15.3252,387.152,0,0
15.3252,387.152,0,0
15.3252,387.152,0,0
15.3252,387.152,0,0
15.3252,387.152,0,0
15.3252,387.152,0,0
15.3252,387.152,0,0
15.3252,387.152,0,0
15.3252,387.152,0,0
15.3252,387.152,0,0
15.3252,387.152,0,0
15.3252,387.152,0,0
15.3252,387.152,0,0
15.3252,387.152,0,0
15.3252,387.152,0,0
15.3252,387.152,0,0
15.3252,387.152,0,0
15.3252,387.152,0,0
15.3252,387.152,0,0
15.3252,387.152,0,0
15.3252,387.152,0,0
15.3252,387.152,0,0
15.3252,387.152,0,0
15.3252,387.152,0,0
15.3252,387.152,0,0
15.3252,387.152,0,0
15.3252,387.152,0,0
15.3252,387.152,0,0
15.3252,387.152,0,0
15.3252,387.152,0,0
15.3252,387.152,0,0
15.3252,387.152,0,0
15.3252,387.152,0,0
15.3252,387.152,0,0
15.3252,387.152,0,0
15.3252,387.152,0,0
15.3252,387.152,0,0
15.3252,387.152,0,0
15.3252,387.152,0,0
15.3252,387.152,0,0
15.3252,387.152,0,0
15.3252,387.152,0,0
15.3252,387.152,0,0
15.3252,387.152,0,0
15.3252,387.152,0,0
15.3252,387.152,0,0
15.3252,387.152,0,0
15.3252,387.152,0,0
15.3252,387.152,0,0
15.3252,387.152,0,0
15.3252,387.152,0,0
15.3252,387.152,0,0
15.3252,387.152,0,0
15.3252,387.152,0,0
15.3252,387.152,0,0
15.3252,387.152,0,0
15.3252,387.152,0,0
15.3252,387.152,0,0
15.3252,387.152,0,0
15.3252,387.152,0,0
15.3252,387.152,0,0
15.3252,387.152,0,0
15.3252,387.152,0,0
15.3252,387.152,0,0
15.3252,387.152,0,0
15.3252,387.152,0,0
15.3252,387.152,0,0
15.3252,387.152,0,0
15.3252,387.152,0,0
15.3252,387.152,0,0
15.3252,387.152,0,0
15.3252,387.152,0,0
15.3252,387.152,0,0
15.3252,387.152,0,0
15.3252,387.152,0,0
15.3252,387.152,0,0
15.3252,387.152,0,0
15.3252,387.152,0,0
15.3252,387.152,0,0
15.3252,387.152,0,0
15.3252,387.152,0,0
15.3252,387.152,0,0
15.3252,387.152,0,0
15.3252,387.152,0,0
15.3252,387.152,0,0
15.3252,387.152,0,0
15.3252,387.152,0,0
15.3252,387.152,0,0
15.3252,387.152,0,0
15.3252,387.152,0,0
15.3252,387.152,0,0
15.3252,387.152,0,0
15.3252,387.152,0,0
15.3252,387.152,0,0
