-0.334043,0.0827245
-0.329578,0.0645011
-0.331288,0.0945854
-0.331569,0.0824429
-0.303855,0.096171
-0.300875,0.08093
-0.310653,0.0691461
-0.336771,0.0858847
-0.306938,0.0712722
-0.315122,0.0529522
-0.350679,0.0795646
-0.378247,0.0868766
-0.362249,0.0916055
-0.35875,0.092589
-0.377208,0.0894405
-0.379032,0.102691
-0.355931,0.0796424
-0.362126,0.0841125
-0.33103,0.0982352
-0.333964,0.0809336
-0.337468,0.0770811
-0.318335,0.0891697
-0.3341,0.098994
-0.314908,0.100227
-0.358216,0.103304
-0.342831,0.0920649
-0.373704,0.116558
-0.368158,0.0936615
-0.375854,0.112838
-0.359893,0.117182
-0.343127,0.105873
-0.35987,0.123153
-0.362089,0.118128
-0.376995,0.118907
-0.35199,0.116624
-0.355013,0.103243
-0.33708,0.123258
-0.312143,0.146484
-0.35036,0.134008
-0.354948,0.123559
-0.353751,0.0996158
-0.324888,0.0832934
-0.299907,0.0801116
-0.32084,0.0709659
-0.34941,0.0979076
-0.383461,0.0930498
-0.362227,0.0841587
-0.357245,0.0620089
-0.366306,0.0770979
-0.337492,0.0899588
-0.315706,0.114634
-0.303768,0.153619
-0.311514,0.14688
-0.345533,0.119618
-0.347746,0.120956
-0.334486,0.1234
-0.31213,0.110062
-0.324721,0.0857028
-0.332654,0.114167
-0.329996,0.114149
-0.346447,0.12119
-0.325386,0.142363
-0.337518,0.135809
-0.356427,0.0976475
-0.366159,0.0645185
-0.387713,0.0874967
-0.352179,0.075679
-0.339008,0.104233
-0.331304,0.0892663
-0.338387,0.0670575
-0.325849,0.0728163
-0.306959,0.106331
-0.30274,0.101279
-0.31059,0.106845
-0.333866,0.0989593
-0.38482,0.0922473
-0.393663,0.0794949
-0.362917,0.0825752
-0.356678,0.0943206
-0.391564,0.0980975
-0.415461,0.0949428
-0.433645,0.0883769
-0.404306,0.0993551
-0.385681,0.111294
-0.388254,0.112471
-0.412741,0.0930334
-0.417262,0.0855183
-0.408212,0.07253
-0.40345,0.0927004
-0.375328,0.0833285
-0.376918,0.0785783
-0.372831,0.0791538
-0.368857,0.10976
-0.351826,0.0815066
-0.316814,0.0654129
-0.322336,0.0893262
-0.34031,0.0995027
-0.329725,0.0851835
-0.342216,0.0773414
-0.337118,0.0661815
-0.348542,0.080642
-0.36804,0.112566
-0.333831,0.0895633
-0.349989,0.0862761
-0.34836,0.107077
-0.329996,0.117043
-0.341851,0.121872
-0.363568,0.103706
-0.353655,0.107287
-0.338835,0.112698
-0.343982,0.0913746
-0.369287,0.0845394
-0.353641,0.0890907
-0.353473,0.108451
-0.364449,0.0842925
-0.38907,0.0830083
-0.360303,0.0517265
-0.354661,0.087382
-0.330539,0.0874537
-0.304336,0.0965627
-0.299708,0.0948105
-0.283449,0.0572889
-0.322432,0.0676232
-0.357154,0.0649963
-0.336588,0.0687135
-0.322726,0.0741634
-0.352633,0.075835
-0.366645,0.103947
-0.345507,0.0958355
-0.323015,0.127517
-0.327559,0.089416
-0.316307,0.0875865
-0.312165,0.092281
-0.310402,0.0848318
-0.333454,0.0802897
-0.349385,0.072607
-0.350441,0.102727
-0.340266,0.102267
-0.324727,0.0702601
-0.317993,0.0907644
-0.322336,0.0925365
-0.324301,0.0807
-0.314616,0.0761724
-0.323325,0.071321
-0.315908,0.0746167
-0.299954,0.0806433
-0.322865,0.131648
-0.34497,0.130737
-0.36716,0.127579
-0.373702,0.113275
-0.355564,0.0941253
-0.340231,0.0896303
-0.346628,0.0951349
-0.353676,0.0978683
-0.346172,0.0496906
-0.343571,0.0530967
-0.342404,0.0855707
-0.312988,0.0705672
-0.333007,0.0832031
-0.348399,0.0848012
-0.35766,0.06995
-0.361778,0.0717009
-0.350258,0.0888017
-0.361025,0.105541
-0.34012,0.0801919
-0.35993,0.0755576
-0.327937,0.109761
-0.314649,0.10821
-0.332894,0.111433
-0.343257,0.0872693
-0.329548,0.0804924
-0.316036,0.0703164
-0.345187,0.060211
-0.358374,0.0733611
-0.348022,0.102683
-0.338863,0.106224
-0.30172,0.115095
-0.287483,0.0747456
-0.315776,0.0803776
-0.31495,0.0454387
-0.319074,0.0643449
-0.335046,0.0885484
-0.359043,0.110755
-0.353207,0.107398
-0.366702,0.0997589
-0.387477,0.100791
-0.346166,0.100257
-0.333827,0.093624
-0.316311,0.113103
-0.336828,0.0955997
-0.334776,0.0756443
-0.330129,0.0810951
-0.33261,0.086368
-0.313638,0.0995185
-0.325698,0.0925339
-0.307612,0.0979514
-0.331592,0.101669
-0.327025,0.100577
-0.369968,0.0801617
-0.363234,0.0993994
-0.37474,0.100245
-0.34493,0.101101
-0.357506,0.0903492
-0.368008,0.0493036
-0.354519,0.0752522
-0.368061,0.0934257
-0.343989,0.0880453
-0.343818,0.0969601
-0.29751,0.0710139
-0.307906,0.0786744
-0.323991,0.0871771
-0.35281,0.0767822
-0.357869,0.101912
-0.337083,0.114424
-0.31061,0.0957298
-0.318629,0.107369
-0.296795,0.126336
-0.330872,0.0990184
-0.334094,0.0875758
-0.328728,0.0937448
-0.300342,0.110611
-0.308678,0.105998
-0.299593,0.111809
-0.316819,0.100088
-0.335227,0.11358
-0.311868,0.0845095
-0.317818,0.11866
-0.342156,0.109859
-0.32079,0.101145
-0.317628,0.123835
-0.318653,0.103266
-0.329548,0.0986997
-0.345279,0.086872
-0.364054,0.0694211
-0.364952,0.0449797
-0.361655,0.0732841
-0.357005,0.0797638
-0.372461,0.091899
-0.347837,0.105223
-0.314409,0.0995795
-0.323753,0.10403
-0.343457,0.0956918
-0.360542,0.0909437
-0.353694,0.0793776
-0.33584,0.076979
-0.340611,0.11163
-0.341957,0.0954572
-0.312438,0.11333
-0.325799,0.106921
-0.302027,0.0939168
-0.295084,0.0824222
-0.305828,0.0647201
-0.303327,0.0241728
-0.299771,0.0347245
-0.320124,0.069976
-0.335392,0.073431
-0.342411,0.0907625
-0.321367,0.0868776
-0.308742,0.0820706
-0.297468,0.0584677
-0.321327,0.063048
-0.342401,0.0637379
-0.322586,0.0489027
-0.320139,0.0655659
-0.310119,0.0577063
-0.35083,0.040046
-0.355926,0.0462264
-0.37146,0.0608534
-0.392206,0.077689
-0.360587,0.0961578
-0.335295,0.120577
-0.336373,0.103418
-0.369186,0.109484
-0.367527,0.123556
-0.352934,0.106735
-0.324784,0.0977098
-0.321643,0.112239
-0.32777,0.107416
-0.321879,0.0994344
-0.321401,0.0886555
-0.314953,0.0993494
-0.336439,0.0921009
-0.332826,0.10453
-0.353249,0.0966368
-0.358474,0.109062
-0.362625,0.105619
-0.360917,0.107988
-0.343022,0.106866
-0.325155,0.107514
-0.346634,0.122823
-0.377974,0.107307
-0.360873,0.0993525
-0.344024,0.0576101
-0.312713,0.0692813
-0.285461,0.0982926
-0.302329,0.0858431
-0.296669,0.100651
-0.306235,0.1074
-0.301294,0.0875084
-0.293553,0.100233
-0.318112,0.111636
-0.316036,0.0988952
-0.317791,0.0824403
-0.338162,0.0791702
-0.356532,0.0585284
-0.36241,0.0905254
-0.357969,0.0997118
-0.351675,0.0692554
-0.355589,0.0918156
-0.351467,0.0692976
-0.357622,0.0807
-0.341774,0.08543
-0.34481,0.116532
-0.347519,0.125828
-0.366274,0.115595
-0.366565,0.0876066
-0.308025,0.0872634
-0.301555,0.0600346
-0.329206,0.049865
-0.324454,0.0154028
-0.3536,0.0414812
-0.358128,0.056712
-0.375768,0.0755675
-0.354753,0.0563112
-0.336773,0.093261
-0.337158,0.0894086
-0.353115,0.0574149
-0.334688,0.0570443
-0.329521,0.0769057
-0.33974,0.0739673
-0.368439,0.0421015
-0.368867,0.0872722
-0.371772,0.0962722
-0.326829,0.0976765
-0.338607,0.0887025
-0.310221,0.0941467
-0.312984,0.0792388
-0.303197,0.0973041
-0.29765,0.106878
-0.301934,0.130931
-0.308979,0.109018
-0.333587,0.133752
-0.338264,0.124747
-0.350869,0.110976
-0.351668,0.104546
-0.375692,0.0834417
-0.381406,0.070382
-0.341622,0.073423
-0.333514,0.0718679
-0.327589,0.0962755
-0.357085,0.0715175
-0.353483,0.0789898
-0.35458,0.0881205
-0.369981,0.0878584
-0.328237,0.0771802
-0.353576,0.0727086
-0.364778,0.066245
-0.38311,0.102405
-0.33937,0.116311
-0.339541,0.12134
-0.356866,0.0927775
-0.369911,0.0822257
-0.371551,0.06962
-0.379953,0.0591627
-0.385468,0.0676027
-0.384598,0.087604
-0.378873,0.107741
-0.386527,0.0883891
-0.389647,0.0703504
-0.362838,0.0640067
-0.355347,0.0675852
-0.374372,0.0824052
-0.376151,0.0879568
-0.358996,0.0846548
-0.356594,0.104036
-0.344408,0.121833
-0.310809,0.127481
-0.36019,0.149606
-0.364731,0.122474
-0.333764,0.119905
-0.325823,0.106131
-0.301823,0.114104
-0.312336,0.101626
-0.308828,0.0711934
-0.32371,0.0961307
-0.333557,0.112947
-0.316145,0.11687
-0.352029,0.126546
-0.361947,0.12035
-0.366517,0.117887
-0.357884,0.0747521
-0.342448,0.0777591
-0.34629,0.0538536
-0.334887,0.0698726
-0.323893,0.0750962
-0.317624,0.0590385
-0.310817,0.0716894
-0.312096,0.0479473
-0.324969,0.068488
-0.325485,0.0672497
-0.336853,0.0739993
-0.329269,0.0875938
-0.356561,0.0943924
-0.380372,0.0953852
-0.324269,0.101402
-0.325489,0.0910391
-0.337267,0.0893726
-0.360628,0.0781331
-0.371509,0.0693492
-0.378363,0.083375
-0.378691,0.088305
-0.363579,0.100225
-0.370673,0.124995
-0.362929,0.107525
-0.365461,0.112823
-0.354322,0.0885992
-0.355045,0.116629
-0.362775,0.0801785
-0.34088,0.0765725
-0.383382,0.074638
-0.36896,0.0761639
-0.35594,0.0910682
-0.325016,0.102018
-0.328579,0.0697259
-0.349747,0.0609492
-0.364811,0.0690363
-0.378323,0.0834588
-0.374935,0.0637737
-0.371219,0.0536579
-0.340356,0.0817666
-0.344406,0.0676861
-0.345747,0.0659238
-0.345359,0.0874547
-0.357649,0.0690899
-0.359717,0.0886484
-0.371279,0.116086
-0.368918,0.099769
-0.371282,0.0890634
-0.34216,0.097396
-0.357655,0.0842323
-0.385515,0.0905618
-0.359197,0.0611766
-0.351275,0.0622185
-0.350641,0.0630934
-0.349071,0.0475197
-0.328718,0.063262
-0.36456,0.0668111
-0.370339,0.0899864
-0.379006,0.0983407
-0.369234,0.0975714
-0.340297,0.0905498
-0.332341,0.115199
-0.362244,0.0977538
-0.375509,0.0839047
-0.374038,0.0708785
-0.345229,0.0906236
-0.332408,0.104474
-0.329427,0.100493
-0.306679,0.0892746
-0.330094,0.060328
-0.341139,0.0741944
-0.324986,0.0846008
-0.367017,0.0984464
-0.353676,0.108699
-0.364104,0.0904694
-0.35235,0.118713
-0.345201,0.106038
-0.32208,0.0922393
-0.331111,0.052808
-0.359174,0.0694126
-0.344415,0.102949
-0.336358,0.123175
-0.301803,0.105882
-0.304421,0.155628
-0.308299,0.15865
-0.32253,0.142951
-0.308818,0.135703
-0.299868,0.126674
-0.319016,0.108242
-0.323037,0.124873
-0.325924,0.0962977
-0.307489,0.067269
-0.309932,0.0469602
-0.330832,0.0629388
-0.321672,0.085749
-0.350569,0.09868
-0.326907,0.109956
-0.314954,0.104126
-0.296492,0.0986486
-0.313948,0.106833
-0.311132,0.106885
-0.307811,0.126935
-0.305129,0.116074
-0.322224,0.114176
-0.33293,0.102929
-0.315975,0.105568
-0.323801,0.109593
-0.324426,0.119225
-0.32157,0.122361
-0.354076,0.126329
-0.390709,0.111451
-0.372951,0.098794
-0.365014,0.111506
-0.377534,0.114638
-0.368555,0.104024
-0.366227,0.0918778
-0.337409,0.0923703
-0.352722,0.0956216
-0.344527,0.101928
-0.342426,0.0576764
-0.351938,0.0533407
-0.394267,0.0960004
-0.378668,0.103519
-0.358663,0.108284
-0.317218,0.101116
-0.321851,0.108794
-0.341243,0.101167
-0.352819,0.0947057
-0.332631,0.0814369
-0.299036,0.0468024
-0.277544,0.0812916
-0.285439,0.137712
-0.336071,0.0925577
-0.371323,0.0292534
-0.435166,-0.000177329
-0.43023,0.0201412
-0.38996,0.0718731
-0.3346,0.132465
-0.281233,0.17299
-0.338311,0.126331
-0.393002,0.0822582
-0.463112,0.0453434
-0.454661,0.0623636
-0.386153,0.101175
-0.307833,0.110337
-0.34868,0.0681863
-0.395769,0.0381489
-0.426896,0.0395855
-0.357727,0.0648777
-0.279657,0.088856
-0.233618,0.128912
-0.295717,0.143526
-0.373005,0.106957
-0.402683,0.0616878
-0.35851,0.0759428
-0.29452,0.115933
-0.267483,0.137679
-0.320656,0.0915711
-0.385395,0.0440906
-0.398642,0.0246399
-0.332887,0.0634669
-0.283674,0.125534
-0.278848,0.124884
-0.330561,0.0900711
-0.363863,0.0464906
-0.364896,0.00606326
-0.385476,0.0538844
-0.36056,0.0915648
-0.291173,0.130611
-0.278685,0.0981323
-0.333869,0.0564754
-0.403085,0.0172964
-0.40834,0.0724226
-0.370722,0.130599
-0.299054,0.144647
-0.258618,0.14149
-0.309878,0.10284
-0.384165,0.0704022
-0.427532,0.0298103
-0.369641,0.065609
-0.296699,0.106343
-0.249877,0.0998866
-0.283157,0.0877523
-0.365344,0.0663059
-0.387221,0.0251173
-0.35918,0.0404607
-0.289307,0.0899284
-0.258206,0.114701
-0.315413,0.118441
-0.381842,0.0802913
-0.405105,0.0405364
-0.344088,0.0492549
-0.299242,0.0662748
-0.252904,0.0723442
-0.295614,0.0915368
-0.349329,0.0794649
-0.376653,0.0440162
-0.325512,0.00855964
-0.304356,0.0118006
-0.311514,0.0181147
-0.332752,0.0346059
-0.306532,0.0529386
-0.31851,0.0908268
-0.314603,0.119463
-0.299936,0.13452
-0.268977,0.0994689
-0.312929,0.0765696
-0.362672,0.055871
-0.36965,0.0703206
-0.377103,0.100762
-0.291287,0.143672
-0.263787,0.208121
-0.287793,0.175238
-0.328437,0.118213
-0.366198,0.0699979
-0.324946,0.0691689
-0.331613,0.135057
-0.347521,0.200507
-0.439192,0.236836
-0.099004,-0.124067
1.16573,-0.14493
3.86319,0.0697532
6.82195,0.691088
9.95145,1.58678
11.1387,2.16172
10.3208,2.38153
9.06513,2.74768
8.7368,3.14236
8.85492,3.58158
8.90828,3.86612
8.757,3.89094
8.51335,3.93335
8.15002,4.16327
7.66226,4.55774
7.2711,4.8394
7.0111,4.78841
6.71988,4.46425
6.38376,4.08342
6.27905,3.81199
6.4834,3.72681
6.80781,3.72361
7.12325,3.57705
7.17634,3.4823
7.22796,3.71362
7.4729,4.38107
7.5271,5.00015
7.68556,5.46512
8.12021,6.00512
8.51216,6.7282
9.00603,7.80862
9.67088,9.20355
10.5686,11.0744
11.2275,13.0854
11.1598,14.5807
10.5362,15.6932
10.0844,16.342
9.83297,16.9494
9.64368,17.1793
9.79215,17.2596
10.2436,17.6563
10.4751,17.8253
10.8559,17.8984
11.9597,18.6894
12.9028,19.5575
13.5644,19.8559
13.9227,19.5814
13.7994,18.7151
13.3763,16.9604
13.0513,15.7458
12.8216,14.9453
12.802,14.63
12.9927,14.9727
12.8505,15.2581
12.3943,15.0356
11.9745,14.765
11.6606,14.5832
11.1359,14.4564
10.1949,14.581
9.21144,15.0777
8.23725,15.6669
7.33855,16.2103
6.78549,16.3922
6.24162,16.2154
5.54562,15.7441
4.86555,15.4781
4.32799,15.7028
3.88366,16.0406
3.2052,16.1465
2.44262,16.1571
1.82862,16.1791
1.01835,16.0871
0.159371,16.1363
0.0353056,16.1769
-0.502489,16.4797
-0.646544,16.5923
-1.65429,17.5215
-2.51177,18.0706
-3.63689,18.3197
-4.70888,18.4827
-5.74843,18.6584
-6.82259,18.7669
-7.5753,18.8329
-8.17472,18.8613
-8.5977,18.5834
-9.01423,18.1285
-9.3811,17.5603
-9.64561,16.9003
-10.0628,16.2983
-10.5117,15.7623
-10.6541,15.2608
-10.5336,14.9711
-10.5121,14.8417
-10.6552,14.8087
-10.8187,14.6958
-10.8104,14.414
-10.7051,14.036
-10.6968,13.7672
-10.7208,13.5464
-10.6982,13.4748
-10.794,13.4891
-11.0592,13.3796
-11.276,13.2863
-11.3602,13.0783
-11.3097,12.7754
-11.2663,12.7524
-11.2735,12.9604
-11.2055,13.2075
-11.0288,13.2678
-10.9673,13.1748
-11.0257,13.0207
-11.1326,12.7859
-11.2081,12.6117
-11.2221,12.5584
-11.2387,12.3752
-11.3193,12.1094
-11.3323,11.8419
-11.2613,11.5984
-11.2084,11.4029
-11.0653,11.2944
-10.9846,11.1673
-10.9869,10.9803
-10.9277,10.7959
-10.8869,10.5705
-10.8864,10.262
-10.8883,10.2168
-10.8842,10.0305
-10.8264,9.80545
-10.7202,9.67491
-10.6246,9.61993
-10.5931,9.52478
-10.5432,9.31933
-10.6622,8.97019
-10.9947,8.29136
-11.3036,7.55627
-11.231,6.86751
-10.824,6.33626
-10.3475,5.87005
-9.82097,4.97553
-9.2314,3.53234
-8.89046,2.09596
-8.73062,0.876373
-8.6369,0.179706
-8.38071,-0.164762
-7.68603,0.0601339
-6.97198,0.5285
-6.26273,1.11538
-5.72467,1.73409
-5.14279,2.40559
-4.54791,2.8826
-4.09057,3.11524
-3.58519,3.36735
-3.16143,3.5659
-2.83109,3.80167
-2.58276,4.17068
-2.35555,4.52252
-2.06399,4.92703
-1.89713,5.19633
-1.91388,5.32636
-1.95396,5.33821
-1.88263,5.29342
-1.66954,5.40331
-1.47671,5.68447
-1.3732,6.02183
-1.34078,6.32144
-1.60996,6.47129
-2.42932,6.64286
-3.69645,6.67703
-4.87194,6.36288
-5.9119,5.48778
-7.12653,4.17675
-8.66465,2.39664
-9.64197,0.824081
-9.60039,-0.484754
-9.02707,-2.1982
-8.43142,-3.82866
-8.33823,-4.07022
-8.06596,-4.81142
-7.81226,-5.5841
-7.56638,-6.1206
-7.31243,-6.63501
-7.28435,-7.34286
-7.38772,-7.79911
-7.33512,-7.75149
-7.24094,-7.69443
-7.13036,-7.80669
-6.9942,-8.02465
-7.02493,-8.20872
-7.10521,-8.38293
-7.04468,-8.61089
-6.92522,-8.90293
-6.85439,-9.24002
-6.77442,-9.36908
-6.67777,-9.39698
-6.54032,-9.55721
-6.38128,-9.74607
-6.2582,-9.75673
-6.14434,-9.66922
-6.03323,-9.52092
-5.91751,-9.40044
-5.73232,-9.45852
-5.49216,-9.55273
-5.164,-9.55618
-4.88625,-9.51796
-4.62722,-9.42662
-4.243,-9.22125
-3.79066,-8.89793
-3.29702,-8.4486
-2.8951,-8.175
-2.57908,-8.07671
-2.21713,-8.03682
-1.84565,-8.04958
-1.49258,-8.11563
-1.13763,-8.18415
-0.84503,-8.26686
-0.67485,-8.26141
-0.525882,-8.12574
-0.39747,-7.95426
-0.352426,-7.85043
-0.343648,-7.9432
-0.365799,-8.03605
-0.427994,-8.09734
-0.519686,-8.21041
-0.675127,-8.3113
-0.908715,-8.31961
-1.21846,-8.25055
-1.58685,-8.00519
-1.91746,-7.7149
-2.35314,-7.4031
-2.70179,-7.16871
-3.01587,-6.96302
-3.26708,-6.82099
-3.50798,-6.76811
-3.81939,-6.80886
-4.14649,-6.84805
-4.47911,-6.71714
-4.77699,-6.3448
-5.08865,-5.98299
-5.50528,-5.59372
-5.89151,-5.31386
-6.27624,-5.08048
-6.80119,-4.79539
-7.30142,-4.54788
-7.82262,-4.27357
-8.24778,-3.8252
-8.53144,-3.30709
-8.84962,-2.72921
-9.17305,-2.3091
-9.54339,-1.87979
-9.81703,-1.4588
-10.0488,-1.12603
-10.2984,-0.738565
-10.4929,-0.285289
-10.6388,0.135016
-10.8032,0.531193
-10.8867,0.774341
-10.9454,0.955511
-11.0069,1.03374
-11.1006,1.0734
-11.1217,1.1761
-11.0876,1.18808
-11.1016,1.12526
-11.1355,1.13425
-11.1855,1.11505
-11.3069,1.07698
-11.3452,1.2339
-11.313,1.4956
-11.2916,1.68738
-11.2545,1.78854
-11.2652,1.75882
-11.2679,1.74265
-11.1373,1.71804
-11.0755,1.63985
-11.0582,1.51443
-11.0686,1.46859
-11.0513,1.36924
-10.9975,1.277
-10.9313,1.19786
-10.8818,1.13738
-10.7192,1.18015
-10.5839,1.33594
-10.4234,1.41334
-10.2706,1.34824
-10.1477,1.37988
-9.83913,1.4735
-9.31381,1.73242
-8.86207,2.21038
-8.3992,3.00438
-7.89432,3.84761
-7.09676,5.04579
-6.27134,6.53053
-5.3917,7.90529
-3.98028,9.43353
-2.69857,10.5214
-1.52075,11.3446
-0.139245,11.9583
1.11755,12.1838
2.31085,12.0716
3.29849,11.6847
4.16968,11.282
4.82301,11.0064
5.18685,10.8432
5.45464,10.9554
5.67528,11.5569
5.76353,12.3466
5.90038,12.6632
5.94499,12.4751
5.73806,11.738
5.3823,10.6804
5.10512,9.85155
5.06562,9.26575
5.15488,9.06569
5.19813,9.2192
5.02887,9.29058
4.78829,9.05713
4.5647,8.61727
4.42856,8.27305
4.24806,8.10932
4.03168,8.19151
3.94824,8.41618
3.87506,8.54962
3.6803,8.50382
3.4433,8.34384
3.18109,8.24656
3.025,8.16448
2.88187,8.0999
2.80833,7.97931
2.73441,7.94609
2.68271,7.97323
2.70698,8.00516
2.85816,7.95519
3.04384,7.89555
3.14115,7.85514
3.19215,7.81693
3.17039,7.82763
3.15406,7.91697
3.19659,8.0167
3.22074,8.06078
3.22487,8.06116
3.19581,7.90904
3.09957,7.85248
3.05783,7.73685
3.04986,7.56212
2.96951,7.38493
2.86068,7.27924
2.81378,7.18597
2.74378,6.96979
2.7276,6.7588
2.69801,6.58935
2.62318,6.40801
2.61977,6.25714
2.59906,6.08186
2.5519,5.93201
2.48047,5.77927
2.38046,5.6467
2.36297,5.47864
2.30058,5.26285
2.23281,5.04703
2.10557,4.8013
1.99558,4.50012
1.92556,4.26152
1.86468,4.03502
1.77271,3.8645
1.70689,3.70257
1.69123,3.46396
1.73494,3.25124
1.81454,3.06759
1.88275,2.82176
1.91711,2.57698
1.9978,2.3058
2.13605,2.07565
2.31929,1.76236
2.53454,1.45759
2.70534,1.20444
2.86349,0.849625
3.023,0.436384
3.18202,-0.00671741
3.30475,-0.590705
3.39512,-1.01219
3.62012,-1.21937
3.98029,-1.22403
4.32106,-1.20104
4.63763,-1.25288
4.88363,-1.43802
5.12484,-1.73918
5.36991,-1.82725
5.56663,-1.72161
5.6097,-1.57939
5.57061,-1.53642
5.58837,-1.56666
5.65904,-1.60102
5.70088,-1.54578
5.74404,-1.3699
5.78151,-1.17681
5.79607,-1.01424
5.83849,-0.870379
5.9003,-0.744255
5.91367,-0.613937
5.92786,-0.518085
5.97863,-0.424101
6.03287,-0.317203
6.08829,-0.256844
6.12955,-0.269116
5.9913,-0.28735
5.87418,-0.281548
5.84364,-0.366999
5.78976,-0.450699
5.73209,-0.576249
5.63108,-0.602911
5.54445,-0.497704
5.54176,-0.359826
5.6481,-0.372688
5.77551,-0.438523
5.74958,-0.339334
5.7422,-0.171668
5.78022,-0.0375829
5.82167,-0.0396622
5.85807,-0.106153
5.84944,-0.0676222
5.82774,0.0475306
5.85711,0.13438
5.91217,0.191933
5.97245,0.267494
6.02405,0.297124
6.06066,0.277584
6.10692,0.254952
6.18468,0.327301
6.28908,0.457072
6.41754,0.530497
6.47561,0.533462
6.45378,0.550789
6.45251,0.597524
6.49146,0.664711
6.48675,0.834496
6.49245,0.953699
6.48838,1.01764
6.45322,1.06807
6.39121,1.14324
6.30474,1.23651
6.24653,1.33201
6.18836,1.51684
6.13418,1.67546
6.06751,1.71472
5.97437,1.65154
5.86817,1.55419
5.76225,1.55391
5.69978,1.61284
5.69243,1.62396
5.59732,1.59393
5.43644,1.55545
5.2946,1.54376
5.11598,1.46135
4.89677,1.2923
4.6408,1.06674
4.40554,0.892804
4.22394,0.838934
4.00517,0.79573
3.80153,0.63373
3.6198,0.458931
3.40252,0.43072
3.12349,0.53996
2.79412,0.708027
2.4693,0.676203
2.17171,0.294254
1.87635,-0.121058
1.61596,-0.311224
1.45178,-0.264189
1.37292,-0.0574695
1.14238,0.162872
0.725651,0.348461
0.394351,0.431214
0.0897434,0.431144
-0.338281,0.384256
-0.840561,0.429362
-1.42404,0.601914
-1.96785,0.82296
-2.53227,1.08596
-3.29069,1.31787
-4.18234,1.65546
-5.12619,2.27139
-5.81872,2.78664
-6.35026,3.07138
-6.92114,3.29267
-7.53493,3.54494
-8.27622,3.99195
-8.84978,4.57427
-9.13289,5.03263
-9.31689,5.44039
-9.46718,5.75067
-9.6822,6.04127
-9.99012,6.37635
-10.3041,6.83656
-10.6349,7.42651
-10.8566,7.88064
-11.1263,8.28715
-11.5259,8.45492
-11.9954,8.53967
-12.4477,8.68863
-12.8137,8.78714
-13.1494,8.92419
-13.3524,9.27993
-13.487,9.65761
-13.6102,9.94565
-13.7417,10.1539
-13.7856,10.3116
-13.7764,10.4902
-13.8036,10.5953
-13.8974,10.6467
-14.0083,10.676
-14.0822,10.6756
-14.1355,10.6473
-14.2179,10.602
-14.2933,10.5983
-14.2897,10.7063
-14.2514,10.8291
-14.2263,10.8649
-14.1622,10.7974
-14.0579,10.642
-14.0183,10.4936
-14.0062,10.2999
-14.0991,9.85258
-14.2949,9.2539
-14.5415,8.539
-14.6282,7.86429
-14.504,7.32261
-14.2161,6.89019
-13.9072,6.51155
-13.626,6.17766
-13.1996,5.82694
-12.7064,5.42782
-12.1343,4.96423
-11.4659,4.56177
-10.955,4.23611
-10.4195,3.74689
-9.94667,3.12504
-9.46734,2.30936
-8.99587,1.48791
-8.66313,0.754109
-8.3629,-0.0631213
-8.04064,-0.914559
-7.65306,-1.82438
-7.14668,-2.52336
-6.6324,-3.03331
-6.14807,-3.49504
-5.4988,-3.77173
-4.89772,-3.87819
-4.21644,-4.0414
-3.62891,-4.45164
-3.12645,-4.96245
-2.62673,-5.16086
-2.20365,-5.08294
-1.82739,-5.03265
-1.65322,-5.09995
-1.46563,-5.17962
-1.13829,-5.15737
-0.609124,-4.97078
0.0163963,-4.81124
0.282352,-4.85627
0.449096,-4.99951
0.716464,-5.08962
1.20848,-5.13946
1.80986,-5.33867
2.30266,-5.58842
2.62487,-5.6183
2.87528,-5.49615
3.10352,-5.32449
3.46913,-5.16365
3.76435,-5.19886
3.83227,-5.29012
3.87865,-5.18861
4.02073,-4.86986
4.11881,-4.62986
4.07839,-4.4761
4.07709,-4.31227
4.15964,-3.993
4.24815,-3.66623
4.33406,-3.41403
4.35876,-3.27157
4.36144,-3.12818
4.43652,-2.88728
4.60355,-2.67018
4.7301,-2.58146
4.69813,-2.63304
4.63929,-2.62658
4.68314,-2.49204
4.90814,-2.30307
5.1248,-2.21246
5.34975,-2.23012
5.47993,-2.23617
5.59621,-2.14634
5.76364,-1.99092
5.83172,-1.9188
5.81259,-1.86629
5.78856,-1.74406
5.78717,-1.53621
5.83792,-1.38097
5.81118,-1.28635
5.71466,-1.21758
5.62998,-1.11818
5.6374,-0.988305
5.704,-0.952853
5.74115,-0.945724
5.72035,-0.898304
5.6137,-0.908425
5.50169,-0.739569
5.47098,-0.712598
5.39082,-0.807278
5.25448,-0.902245
5.1391,-0.864368
5.1235,-0.793757
5.03996,-0.720578
4.93649,-0.640788
4.92392,-0.572266
4.92054,-0.61065
4.89944,-0.634501
4.88907,-0.594166
4.93203,-0.547446
4.92143,-0.569031
4.8603,-0.681669
4.88772,-0.82674
4.90356,-0.998476
4.83753,-1.02382
4.74274,-0.881634
4.65966,-0.734107
4.66185,-0.734968
4.65002,-0.761443
4.61457,-0.709275
4.55635,-0.562895
4.49143,-0.340179
4.46034,-0.133584
4.44221,0.0681032
4.36208,0.144171
4.25435,0.188799
4.20911,0.344261
4.24074,0.543854
4.29643,0.718394
4.34578,0.861176
4.39422,0.881084
4.28156,0.918119
4.22967,1.06655
4.32678,1.1863
4.39338,0.99945
4.35153,0.824581
4.42255,0.805165
4.6809,0.849011
4.90766,0.791447
5.05309,0.432383
5.10888,0.163176
5.29075,0.096741
5.62142,0.0470231
5.90933,-0.00709831
6.12732,-0.102884
6.11499,-0.16955
6.10141,-0.0619254
6.37642,0.164406
6.56107,0.205904
6.70213,-0.160808
6.86186,-0.427896
7.16158,-0.479652
7.37997,-0.592394
7.54419,-0.730157
7.85063,-0.833688
8.04,-0.985078
8.17586,-1.17856
8.25853,-1.33121
8.31082,-1.36731
8.34607,-1.37542
8.34282,-1.45325
8.32737,-1.55888
8.31261,-1.74089
8.25499,-1.93004
8.22278,-2.01913
8.27425,-2.00034
8.28148,-2.04756
8.36734,-2.13459
8.52172,-2.11571
8.63168,-2.18091
8.6382,-2.20434
8.66048,-2.29536
8.67829,-2.43836
8.58616,-2.62132
8.5106,-2.69252
8.54687,-2.64344
8.55219,-2.70338
8.42134,-2.83279
8.30597,-2.87518
8.21714,-2.83551
8.29895,-2.75217
8.46199,-2.72663
8.56996,-2.70552
8.56743,-2.61271
8.54918,-2.48108
8.58907,-2.33952
8.58582,-2.26572
8.61718,-2.24294
8.69927,-2.19143
8.74938,-2.12056
8.76638,-2.03692
8.75278,-1.94779
8.74354,-1.84
8.77414,-1.72017
8.73687,-1.64761
8.75318,-1.55215
8.75606,-1.36227
8.77512,-1.30261
8.82033,-1.31199
8.76433,-1.31702
8.68658,-1.27076
8.78394,-1.34197
8.87242,-1.34693
8.91884,-1.26858
8.98837,-1.23021
8.99975,-1.21114
9.01453,-1.32585
8.98384,-1.48791
8.90151,-1.63734
8.84027,-1.71893
8.82939,-1.83257
8.82826,-2.10342
8.73056,-2.42858
8.42187,-2.68177
8.15407,-2.83367
7.99097,-2.85471
7.75987,-2.86131
7.24746,-2.80293
6.46912,-2.59582
5.9087,-2.0575
5.59662,-1.72041
5.28709,-2.44302
5.06345,-3.65798
5.13327,-4.70972
5.4632,-5.36531
5.72781,-5.69361
5.96618,-5.8462
6.21503,-5.83908
6.44044,-5.81009
6.71124,-5.76386
7.07726,-5.70024
7.54247,-5.5826
7.95784,-5.53165
8.2763,-5.57191
8.65201,-5.61021
9.09958,-5.57397
9.85163,-5.2532
10.9976,-4.24904
11.9157,-2.97822
12.5631,-1.6475
12.8685,-0.922732
13.0711,-0.708147
13.3462,-1.0145
13.3804,-1.62796
13.2548,-1.96259
13.2204,-1.83912
13.0585,-1.65525
12.9098,-1.54015
12.7908,-1.29571
12.8175,-1.05299
12.8679,-0.99452
12.7632,-1.34647
12.6271,-1.58974
12.7069,-1.66329
12.9483,-1.56958
13.1702,-1.69872
13.2847,-2.16257
13.4238,-2.73523
13.5888,-3.18077
13.7201,-3.49763
13.9882,-3.70237
14.2468,-3.67954
14.397,-3.70326
14.5088,-3.80071
14.6794,-3.94342
14.8095,-4.09377
14.8689,-4.29175
14.8703,-4.42216
14.9959,-4.35935
15.1079,-4.26678
15.0416,-4.2349
14.9974,-3.9828
14.9586,-3.58474
14.8663,-3.25364
14.7501,-3.13555
14.7297,-3.21463
14.7618,-3.27083
14.8087,-3.27809
14.8239,-3.22027
14.7716,-3.12483
14.6822,-3.07573
14.6335,-3.18214
14.5793,-3.34928
14.4909,-3.38038
14.4149,-3.30073
14.391,-3.18874
14.3749,-3.15143
14.4158,-3.11378
14.4999,-3.04241
14.5423,-2.96149
14.5829,-2.85376
14.614,-2.77992
14.5452,-2.71723
14.3888,-2.69129
14.2148,-2.65545
14.0399,-2.58217
13.8722,-2.43709
13.7619,-2.34645
13.6182,-2.29622
13.4625,-2.19078
13.2522,-1.9974
13.0272,-1.77193
12.8916,-1.64849
12.666,-1.5049
12.4589,-1.34618
12.2251,-1.2073
11.8861,-1.10186
11.5965,-1.06826
11.2601,-1.00082
10.9468,-0.892534
10.6674,-0.780197
10.3611,-0.641289
10.067,-0.463561
9.93053,-0.209878
9.85592,-0.0599591
9.75049,0.00858633
9.58644,0.0838266
9.46731,0.193869
9.43019,0.31236
9.42148,0.304098
9.35597,0.244733
9.32585,0.197879
9.28883,0.177224
9.26636,0.133448
9.31932,0.0939635
9.36156,0.0933362
9.44022,0.099425
9.50569,0.152636
9.53596,0.274897
9.52628,0.397267
9.52563,0.476708
9.61791,0.450073
9.71665,0.467354
9.7984,0.539717
9.87219,0.581077
9.9106,0.620148
9.95075,0.612836
9.90229,0.549461
9.82906,0.504383
9.69882,0.558221
9.60999,0.65255
9.62362,0.72517
9.67957,0.70403
9.68985,0.692027
9.67607,0.825613
9.70599,0.954219
9.6946,1.04827
9.7075,1.14142
9.70704,1.24424
9.70918,1.38916
9.75764,1.50917
9.83294,1.60701
9.91396,1.66475
9.95404,1.75395
9.92196,1.95762
9.91235,2.07518
9.92557,2.19511
9.95232,2.27087
9.96031,2.4088
10.071,2.80738
10.3933,3.68488
10.6481,4.47192
10.7211,5.13565
10.8106,5.55125
11.0774,5.74231
11.4006,5.58144
11.574,5.35683
11.703,5.39716
11.7311,5.66003
11.7173,6.05199
11.6685,6.47282
11.5885,6.74582
11.6321,6.99149
11.7279,7.23369
11.8928,7.5086
12.1161,7.77176
12.2511,7.95248
12.2739,8.01815
12.273,7.98474
12.2938,7.97656
12.2503,7.9624
12.1059,7.93809
11.9428,7.90777
11.7995,7.86358
11.7592,7.98436
11.8843,8.07367
12.0236,8.088
12.1308,8.06626
12.2073,8.11337
12.2474,8.16126
12.2595,8.18949
12.2002,8.12082
12.1084,8.04853
11.9998,7.96021
11.9161,7.88271
11.8112,7.8694
11.7805,7.81989
11.7383,7.74513
11.622,7.67147
11.647,7.59269
11.6791,7.52869
11.5841,7.57539
11.5297,7.68893
11.5699,7.80639
11.6122,7.83882
11.6752,7.83703
11.6926,7.93103
11.6304,7.90546
11.4378,7.97273
11.2909,8.11273
11.1496,8.21122
10.9461,8.33448
10.7957,8.43114
10.5847,8.55168
10.3253,8.73165
10.1679,8.89445
9.89788,9.2421
9.7134,9.57433
9.5035,9.84141
9.25984,10.0055
9.01754,10.0803
8.64602,10.1087
8.19413,10.0746
7.68099,10.1249
7.14088,10.3267
6.73693,10.5619
6.43212,10.7029
6.1431,10.7879
6.00727,10.8171
5.93534,10.7811
5.85632,10.7628
5.72466,10.8125
5.53467,10.9341
5.41168,11.0166
5.45363,11.0023
5.49655,10.8859
5.50997,10.8477
5.57113,10.8801
5.64925,10.9294
5.61965,10.9805
5.55227,10.9271
5.5796,10.8074
5.57825,10.741
5.57864,10.7864
5.5301,10.9263
5.53853,11.0502
5.65323,11.1244
5.79303,11.0144
5.76227,10.9308
5.62205,10.9991
5.52585,11.0945
5.46875,11.1489
5.43266,11.2144
5.44567,11.1438
5.43038,11.0404
5.43171,10.9645
5.36513,10.9396
5.24991,10.9973
5.24636,11.0387
5.28733,10.9322
5.33727,10.895
5.39988,10.9536
5.47113,11.0682
5.5305,11.1511
5.62328,11.1754
5.71102,11.1668
5.7793,11.1593
5.79393,11.2397
5.77505,11.3124
5.68899,11.371
5.59689,11.4183
5.56595,11.493
5.64513,11.5468
5.74074,11.4968
5.79294,11.4285
5.83129,11.3836
5.8378,11.3321
5.74084,11.3254
5.63556,11.3409
5.60575,11.2898
5.67138,11.235
5.70956,11.2179
5.77231,11.1774
5.78807,11.1387
5.77358,11.1585
5.79352,11.1841
5.78531,11.0961
5.74332,10.9732
5.67048,10.8927
5.60468,10.8389
5.49185,10.7873
5.41966,10.7447
5.37937,10.6516
5.35499,10.4638
5.3286,10.2959
5.26891,10.1491
5.18085,10.0397
5.11608,9.97313
5.06712,10.0365
5.10395,10.1532
5.21005,10.2007
5.33647,10.1743
5.40498,10.2399
5.44447,10.349
5.46608,10.3997
5.49631,10.4632
5.47154,10.5741
5.439,10.6682
5.50343,10.6964
5.56382,10.7083
5.6179,10.6966
5.615,10.762
5.66784,10.7876
5.68273,10.7979
5.69412,10.8057
5.67363,10.7086
5.58196,10.5806
5.49247,10.565
5.49779,10.6803
5.55363,10.7801
5.63574,10.7586
5.71737,10.8011
5.82252,10.8459
5.88373,10.8688
5.86788,10.7962
5.82808,10.7194
5.70899,10.773
5.64029,10.8403
5.60659,10.8317
5.57059,10.7039
5.51566,10.6225
5.3883,10.5775
5.2392,10.6307
5.0876,10.8606
4.96205,11.1301
4.88385,11.3982
4.77746,11.6557
4.64604,11.8779
4.51878,12.1039
4.41654,12.326
4.30947,12.4229
4.10726,12.3931
3.79195,12.3528
3.51339,12.3872
3.2423,12.5807
3.01431,12.8168
2.72341,13.122
2.42472,13.5195
2.22965,13.9369
2.04382,14.3905
1.82811,14.6986
1.55127,15.0287
1.1704,15.4372
0.755516,15.7416
0.184878,15.95
-0.338337,16.08
-0.86734,16.2444
-1.31782,16.4073
-1.69341,16.5836
-2.04667,16.6677
-2.30184,16.7546
-2.51366,16.8921
-2.76223,17.0461
-3.01114,17.1502
-3.31958,17.2939
-3.54416,17.4107
-3.73504,17.5589
-3.93556,17.7356
-4.0515,17.8524
-4.08266,17.8625
-4.10649,17.8195
-4.12866,17.8077
-4.14336,17.8581
-4.16124,17.8844
-4.14869,17.881
-4.13786,17.8698
-4.09922,17.8493
-4.02311,17.8003
-3.91892,17.7316
-3.8539,17.6416
-3.83434,17.5155
-3.89823,17.3927
-4.01413,17.2835
-4.03082,17.1562
-3.99292,16.9978
-3.99686,16.8197
-4.0017,16.7068
-4.00898,16.5901
-4.03542,16.4673
-4.05573,16.4203
-4.07843,16.4255
-4.06257,16.4638
-3.99816,16.466
-3.86599,16.3464
-3.82094,16.3484
-3.81969,16.4231
-3.77504,16.4591
-3.70399,16.4363
-3.42694,16.3943
-3.33502,16.3229
-3.26728,16.234
-3.25208,16.1443
-3.26834,16.0281
-3.2327,15.8228
-3.15742,15.602
-3.14917,15.4396
-3.10045,15.3812
-2.96197,15.262
-2.72056,14.9308
-2.54951,14.6608
-2.37864,14.4516
-2.19975,14.3232
-2.00863,14.1842
-1.71209,14.0827
-1.41863,13.9497
-1.12409,13.8603
-0.813398,13.7735
-0.549247,13.6368
-0.268662,13.4603
-0.0108899,13.2833
0.0196823,13.2422
0.340319,13.0729
0.652365,12.9684
1.04568,12.8079
1.40379,12.6152
1.78097,12.3491
2.04329,12.0267
2.25483,11.6013
2.42332,11.0455
2.41305,10.5536
2.46658,9.96362
2.53715,9.39172
2.57738,8.87398
2.69081,8.49591
2.87589,8.34082
3.13123,8.28553
3.37648,8.22191
3.61173,8.18455
3.88667,8.14142
4.20411,7.9801
4.50486,7.71179
4.74128,7.35963
4.91619,7.01867
5.12163,6.55318
5.31256,6.08768
5.46859,5.62346
5.57492,5.2914
5.73093,5.0778
5.89542,4.95141
6.00947,4.89065
6.1422,4.82346
6.29737,4.74803
6.4396,4.75269
6.59417,4.81091
6.74531,4.84041
6.8201,4.90291
6.91287,5.02016
6.9729,5.0976
6.99071,5.15733
7.02914,5.24076
7.07716,5.26344
7.03744,5.29538
6.98113,5.31268
6.90535,5.34057
6.84641,5.39727
6.92085,5.44598
7.05787,5.43628
7.16646,5.39136
7.28454,5.40106
7.38438,5.51889
7.50197,5.5714
7.64545,5.52775
7.78376,5.46085
7.90946,5.43029
8.04939,5.52273
8.18897,5.63546
8.32979,5.72743
8.43729,5.81163
8.52408,5.8752
8.64854,5.97374
8.75912,6.1542
8.88028,6.33122
8.97432,6.44797
9.02822,6.4911
9.12068,6.56291
9.18572,6.61042
9.25349,6.6179
9.37618,6.54554
9.4477,6.55487
9.62353,6.54019
9.72653,6.40615
9.80657,6.20269
9.99577,5.79084
9.97246,5.24948
9.7128,4.61326
9.34845,4.11037
9.08447,3.71252
8.95142,3.31006
8.95604,3.02329
9.07004,2.8061
9.11177,2.61869
9.05875,2.53149
9.13571,2.63866
9.28724,2.79855
9.39892,2.96551
9.57254,3.22151
9.831,3.55874
10.199,3.87452
10.525,4.02696
10.6872,4.17509
10.7922,4.53274
10.995,5.06764
11.4329,5.88983
12.0628,6.81077
12.8806,7.92776
13.7946,9.11908
14.5582,9.98458
15.1645,10.6079
15.429,10.9748
15.507,11.181
15.5085,11.205
15.4922,11.2774
15.4738,11.2905
15.2418,11.3651
14.8551,11.5763
14.4718,11.8329
14.2815,12.0453
14.3031,12.3067
14.4589,12.5929
14.704,12.9414
14.8983,13.0423
15.0908,12.8937
15.2668,12.871
15.2418,13.0226
15.0407,13.2145
14.7237,13.4042
14.2842,13.7405
13.4614,14.3644
12.4288,15.1283
11.3816,15.9107
10.4454,16.6533
9.75134,17.3761
9.08544,18.1294
8.22771,18.6869
7.43418,18.9551
6.56153,19.1853
5.64078,19.5855
4.57062,20.3581
3.34052,21.3859
2.15211,22.3289
0.695569,23.5465
-0.504242,24.7034
-1.69583,25.7444
-3.01923,26.4106
-4.5117,26.7107
-6.39669,26.9576
-8.24998,27.1016
-10.0629,26.968
-11.9414,26.5218
-13.7206,25.8338
-15.5697,24.9844
-17.3121,24.0631
-18.8207,23.1072
-20.5977,21.9853
-22.2454,21.1524
-23.992,20.4084
-25.6764,19.4227
-27.0251,18.2268
-28.2876,16.8589
-29.3185,15.8984
-30.0925,15.0083
-30.1956,14.0459
-30.0283,13.3101
-29.9621,13.0455
-29.6752,11.6084
-29.5252,10.6036
-29.3938,9.85081
-29.1265,9.08435
-28.728,8.26721
-28.2427,7.42191
-27.7427,6.63388
-27.3468,5.86905
-26.9382,5.01196
-26.4926,4.31092
-25.9095,3.82201
-25.3633,3.35019
-25.0583,3.07189
-24.9039,3.11057
-24.9323,3.36574
-24.8068,3.89382
-24.3999,4.60494
-24.1193,5.22905
-23.7758,5.85938
-23.3528,6.20322
-22.7412,6.42105
-22.2294,6.60429
-21.881,6.83445
-21.503,7.25594
-21.1742,7.69072
-20.85,8.03229
-20.4957,8.28363
-20.1878,8.39272
-19.726,8.42614
-19.2041,8.51815
-18.7787,8.62968
-18.2662,8.76076
-17.8118,8.79765
-17.4998,8.88502
-17.1836,9.08293
-16.9674,9.38075
-16.8099,9.79653
-16.6142,10.123
-16.4239,10.343
-16.317,10.5656
-16.1955,10.8239
-15.9273,11.1271
-15.5926,11.275
-15.1769,11.3276
-14.6604,11.3335
-14.2485,11.3009
-13.9134,11.3189
-13.5399,11.4113
-13.1254,11.4514
-13.0682,11.4495
-12.8158,11.4204
-12.4877,11.3833
-12.0287,11.4296
-11.7432,11.4684
-11.5644,11.4065
-11.4211,11.3251
-11.3359,11.2157
-11.295,11.1064
-11.2811,11.09
-11.2808,11.1357
-11.2469,11.2918
-11.1823,11.4947
-11.0713,11.6564
-11.0272,11.7185
-11.0078,11.7526
-10.7902,11.8196
-10.4577,11.8972
-10.0585,11.9486
-9.54704,11.9885
-8.91235,12.0613
-8.22491,12.2771
-7.68185,12.5557
-6.9825,12.8957
-6.36875,13.0901
-5.75472,13.1201
-5.20424,13.0417
-4.77675,12.9716
-4.33555,12.8599
-3.90384,12.7166
-3.48049,12.6013
-3.07823,12.4852
-2.71857,12.3696
-2.33869,12.2751
-1.93935,12.248
-1.55352,12.2922
-1.13881,12.3969
-0.506723,12.4989
0.169391,12.4562
0.730583,12.2695
1.07824,12.0531
1.40818,11.9953
1.72948,11.9422
1.92536,11.8738
2.04845,11.5813
2.06359,11.158
2.10687,10.5017
2.1747,9.91958
2.31171,9.55293
2.60433,9.39429
3.05492,9.21901
3.59617,8.80638
4.03054,8.19151
4.48086,7.75495
5.59184,7.72743
6.85634,7.86203
7.71448,7.93056
8.20609,8.13124
8.69949,8.40922
9.2488,8.46731
9.5657,8.37855
9.84388,8.27904
10.0576,8.29542
10.0173,8.58794
9.86469,9.16554
9.79011,9.715
9.81699,10.2035
10.0086,10.7484
10.1743,11.2013
10.4148,11.6857
10.7143,12.006
11.0109,12.2044
11.2785,12.4502
11.6769,12.706
12.3219,12.4948
13.0021,12.0513
13.5558,11.9118
14.0676,11.7076
14.3358,11.2005
14.7739,10.4237
15.4132,9.4861
15.838,8.48292
15.8578,7.59465
15.5607,7.3345
15.462,7.29671
16.2491,6.87185
16.9942,5.95035
17.0688,5.32697
16.9565,5.44159
17.227,5.42995
17.58,4.85475
17.475,4.58025
17.0087,5.09231
16.6487,5.99716
16.7146,6.3239
16.9331,6.16761
17.2067,6.0405
17.3102,6.35365
17.2835,6.68238
17.2153,6.87431
16.9316,7.06996
16.359,7.18783
15.7598,7.38009
15.2519,7.86768
14.8793,8.35534
14.506,8.58644
14.1063,8.32936
13.5431,7.59763
12.4168,6.25486
11.1915,5.08553
9.85439,4.36022
8.8699,4.42455
8.35422,4.7671
8.11326,4.75443
7.98462,4.316
7.85599,3.66177
7.82331,3.51748
8.10088,3.9984
8.57801,4.24177
8.78848,4.35719
8.96539,4.79598
9.24365,5.2173
9.40944,5.1213
9.24819,4.37423
9.15058,3.54203
9.34217,2.35619
9.53166,1.05824
9.58272,0.223564
9.83613,-0.253943
10.1712,-0.59675
10.2028,-1.05798
10.0588,-1.33205
10.0151,-1.46484
10.1954,-2.29693
10.4449,-4.10041
10.5739,-5.69933
10.5826,-6.19431
10.7495,-5.51598
10.8804,-4.48438
10.6273,-3.71099
10.2785,-3.43434
9.70313,-3.58816
9.2136,-3.70116
9.13866,-3.39868
9.12121,-2.84587
8.67424,-2.32431
8.06065,-1.62182
7.65189,-1.03357
7.2946,-0.795265
6.92434,-0.791728
6.81514,-0.609711
6.99345,-0.38901
7.08323,-0.430002
6.96474,-0.429573
6.87672,-0.140438
6.84957,0.20346
6.8967,0.495903
6.9254,0.782163
6.97709,1.02101
7.05137,1.17851
7.10612,1.23126
7.34356,1.34456
7.70656,1.52116
7.94578,1.62766
8.24758,1.6193
8.55852,1.4354
8.86128,1.1359
9.06699,0.923695
9.12084,0.947467
9.0688,1.19024
9.01162,1.52073
8.89821,1.55408
8.37532,1.28616
7.72043,1.1396
7.1933,1.14662
6.66313,1.02429
5.898,0.685948
4.91577,0.277413
4.11038,-0.0250808
2.85691,-0.802464
1.33538,-1.63693
0.478607,-1.72959
-0.00461995,-1.20277
-0.673629,-0.916065
-1.83205,-0.943506
-3.12451,-0.984154
-4.23737,-0.976656
-5.22424,-0.830208
-5.82049,-0.426131
-6.40344,0.177596
-6.97953,0.866533
-7.29098,1.44558
-7.53968,2.03836
-7.77434,2.69294
-8.22795,3.10714
-8.84916,3.18987
-9.41819,2.89667
-9.94688,2.47527
-10.342,2.06016
-10.5648,1.65895
-10.8627,1.05876
-11.2293,0.482672
-11.4239,0.0434788
-11.4609,-0.219616
-11.6935,-0.628549
-11.939,-1.14667
-12.1149,-1.6874
-12.4034,-2.5281
-12.628,-3.45208
-12.5925,-3.86423
-12.3883,-4.14934
-12.2655,-4.49717
-12.3061,-5.0173
-12.3959,-5.43948
-12.3289,-5.68685
-12.338,-6.07186
-12.4652,-6.6593
-12.7776,-7.11149
-13.2104,-7.75423
-13.6051,-8.49434
-13.7494,-9.1447
-13.7035,-9.64632
-13.9446,-10.0457
-14.5181,-10.3093
-14.945,-10.462
-15.3531,-10.7583
-15.9879,-10.9806
-16.623,-11.2136
-17.2141,-11.3804
-17.8029,-11.3614
-18.5183,-11.2514
-19.266,-10.9973
-19.8648,-10.6578
-20.3844,-10.1741
-20.9888,-9.95473
-21.5394,-10.0678
-21.9992,-10.3706
-22.2866,-10.722
-22.7611,-10.9528
-23.3579,-11.2016
-23.8301,-11.2944
-24.6151,-11.2864
-25.3363,-11.1241
-25.8917,-10.8548
-26.7344,-10.6889
-27.4156,-10.4383
-27.9679,-10.0361
-28.3025,-10.0292
-28.3001,-10.2647
-28.1618,-10.3221
-28.1498,-10.3638
-28.2901,-10.605
-28.5513,-10.9779
-28.7585,-11.2171
-28.8544,-11.2017
-28.9243,-10.9622
-29.1881,-10.7212
-29.4128,-10.4048
-29.3744,-10.0299
-29.2153,-9.80528
-29.2163,-10.0058
-29.1921,-10.4146
-29.1562,-10.7968
-29.2708,-11.1762
-29.3643,-11.4999
-29.4015,-11.6537
-29.4963,-11.7149
-29.589,-11.5974
-29.561,-11.2865
-29.6137,-11.0042
-29.6617,-11.0163
-29.6389,-11.1571
-29.6697,-11.2671
-29.7716,-11.2724
-29.9742,-11.172
-30.2124,-10.9211
-30.406,-10.6592
-30.452,-10.4462
-30.4565,-10.2756
-30.5056,-10.1186
-30.6177,-9.93365
-30.6405,-9.6634
-30.623,-9.39804
-30.6491,-9.24692
-30.637,-9.12108
-30.5389,-9.01559
-30.4399,-8.89469
-30.3089,-8.66898
-30.1861,-8.40877
-30.0183,-7.98504
-29.7123,-7.32197
-29.5449,-6.74785
-29.4187,-6.26449
-29.3591,-5.99601
-29.3943,-6.04271
-29.2649,-6.11932
-29.2822,-6.24642
-29.429,-6.50374
-29.4966,-6.7316
-29.6073,-6.86818
-29.7796,-6.76294
-29.7633,-6.35981
-29.626,-5.81502
-29.5404,-5.28081
-29.3981,-4.73992
-29.423,-4.07261
-29.7884,-3.60233
-30.3282,-3.20439
-30.9287,-2.9499
-31.4772,-2.89764
-31.9699,-2.88907
-32.1583,-2.67322
-32.0024,-2.26875
-31.598,-1.78268
-31.3744,-1.55545
-31.3944,-1.52051
-31.3764,-1.59098
-31.0892,-1.41737
-30.56,-0.722261
-30.3159,-0.20898
-30.543,-0.206423
-31.0762,-0.892901
-31.4086,-1.64822
-31.8861,-2.44467
-32.171,-2.93154
-31.9887,-3.11627
-31.1445,-3.2015
-30.3539,-3.30984
-30.0894,-3.35256
-30.2329,-3.03892
-30.6203,-2.62275
-31.3593,-2.50243
-31.8882,-2.76559
-31.846,-3.26987
-31.2281,-3.93958
-30.4313,-4.22292
-29.4393,-3.81984
-28.5784,-3.13977
-27.7319,-2.46955
-26.9043,-1.81951
-26.2701,-1.27313
-25.6228,-0.427837
-24.7829,0.7339
-23.6073,2.18478
-22.3513,3.44502
-21.3708,4.10791
-20.0909,4.63144
-18.5895,4.96721
-16.7235,5.30745
-14.848,5.53908
-13.6364,5.52844
-12.5927,5.25696
-11.538,4.85398
-10.4273,4.46312
-8.86347,4.27095
-7.46783,4.52656
-6.00196,4.89143
-4.33079,5.02661
-2.93407,4.89274
-1.72081,4.62797
-0.837743,4.53893
0.454192,4.78335
2.13762,5.21416
3.28345,5.27144
4.1174,5.29331
4.59063,5.40994
4.85126,5.15274
5.01734,4.35429
5.33836,3.47616
5.75688,2.81489
5.95902,2.62231
6.11582,2.59165
6.41615,2.54758
6.52054,2.20414
6.25248,1.3217
6.26537,0.556112
6.59884,0.325229
6.99114,0.440274
7.27464,0.507253
7.35542,-0.0202237
7.08448,-0.800878
6.97702,-1.44344
7.35548,-2.05633
8.30952,-2.60354
7.58971,-0.630313
5.86928,-0.289407
4.03128,-0.226697
2.54663,-0.386506
1.5772,-0.703237
0.488835,-1.46356
-0.581165,-2.22407
-1.40611,-2.40967
-2.16785,-2.24636
-2.53832,-2.15363
-2.44417,-2.2738
-2.52204,-2.22525
-2.51268,-1.94222
-2.52227,-1.71619
-2.48503,-1.72486
-2.39456,-1.55116
-2.25276,-1.41048
-2.11173,-1.30989
-2.0031,-1.28407
-1.94846,-1.26213
-1.89313,-1.27289
-1.86582,-1.35288
-1.87128,-1.41757
-1.82382,-1.42503
-1.78343,-1.44644
-1.71581,-1.39711
-1.62557,-1.38271
-1.55043,-1.39295
-1.46881,-1.39648
-1.37894,-1.37677
-1.30257,-1.35888
-1.21837,-1.36148
-1.1308,-1.3634
-1.04897,-1.33814
-0.960075,-1.32548
-0.879976,-1.32403
-0.797745,-1.31064
-0.70951,-1.3127
-0.634563,-1.33595
-0.54421,-1.33687
-0.470685,-1.32158
-0.397738,-1.32847
-0.320033,-1.29894
-0.271264,-1.28118
-0.274864,-1.32777
-0.234636,-1.34256
-0.19869,-1.3201
-0.173247,-1.26558
-0.138258,-1.26041
-0.142909,-1.29952
-0.177068,-1.29136
-0.186536,-1.31678
-0.202499,-1.3749
-0.175822,-1.33857
-0.137954,-1.2629
-0.126237,-1.1784
-0.124301,-1.22188
-0.171797,-1.30114
-0.181507,-1.35341
-0.157053,-1.32316
-0.117225,-1.26188
-0.0945045,-1.19557
-0.0853891,-1.21671
-0.143047,-1.27144
-0.167861,-1.33876
-0.186981,-1.3193
-0.165863,-1.28466
-0.154846,-1.22132
-0.146258,-1.20866
-0.150907,-1.24721
-0.177133,-1.25601
-0.187018,-1.22318
-0.134859,-1.19565
-0.0987158,-1.275
-0.150086,-1.33651
-0.237861,-1.31514
-0.2161,-1.23657
-0.154383,-1.17957
-0.0717712,-1.17944
-0.106912,-1.25471
-0.184937,-1.30337
-0.235545,-1.3484
-0.178534,-1.33417
-0.109204,-1.28434
-0.110166,-1.20463
-0.183788,-1.20166
-0.20894,-1.27157
-0.169199,-1.34458
-0.123414,-1.37449
-0.152995,-1.32141
-0.214657,-1.2725
-0.219569,-1.26582
-0.168398,-1.3101
-0.142269,-1.37421
-0.169617,-1.39307
-0.193318,-1.35301
-0.187207,-1.32557
-0.15199,-1.29887
-0.116419,-1.21484
-0.119817,-1.18728
-0.188557,-1.24706
-0.180464,-1.31105
-0.167582,-1.38651
-0.193126,-1.35269
-0.198234,-1.28024
-0.139147,-1.25919
-0.125556,-1.25895
-0.18594,-1.27052
-0.254445,-1.32719
-0.257703,-1.35602
-0.201663,-1.32224
-0.168081,-1.24614
-0.196392,-1.20391
-0.236462,-1.26285
-0.235667,-1.32511
-0.220901,-1.33118
-0.186552,-1.27368
-0.202922,-1.26375
-0.1851,-1.25323
-0.205734,-1.25798
-0.216569,-1.25886
-0.193592,-1.27382
-0.191548,-1.28319
-0.174406,-1.25537
-0.17066,-1.23916
-0.160701,-1.2509
-0.15327,-1.24103
-0.181404,-1.28735
-0.19357,-1.28747
-0.197392,-1.25088
-0.200313,-1.24155
-0.198834,-1.22434
-0.235064,-1.24817
-0.238829,-1.27518
-0.18843,-1.26414
-0.170648,-1.28112
-0.156438,-1.23803
-0.168805,-1.2254
-0.188826,-1.25229
-0.170035,-1.28932
-0.194491,-1.29088
-0.188215,-1.25625
-0.207496,-1.25935
-0.21536,-1.28282
-0.187862,-1.27725
-0.200067,-1.29372
-0.193099,-1.27356
-0.189766,-1.24586
-0.208941,-1.25793
-0.213516,-1.26563
-0.226482,-1.3056
-0.239128,-1.31529
-0.206125,-1.28843
-0.164703,-1.28551
-0.160468,-1.2609
-0.154355,-1.27099
-0.173806,-1.30115
-0.183169,-1.3059
-0.171689,-1.31488
-0.168436,-1.27168
-0.15341,-1.26424
-0.160111,-1.25066
-0.17266,-1.24164
-0.208717,-1.25718
-0.228322,-1.28786
-0.212863,-1.28481
-0.20064,-1.26647
-0.203756,-1.27196
-0.195358,-1.27344
-0.206697,-1.27031
-0.219661,-1.28499
-0.211017,-1.28194
-0.222978,-1.31693
-0.201857,-1.28148
-0.159201,-1.27867
-0.140262,-1.24005
-0.138391,-1.26597
-0.184812,-1.28451
-0.168015,-1.28053
-0.188045,-1.27747
-0.178858,-1.26436
-0.180032,-1.27355
-0.18901,-1.25684
-0.190829,-1.25482
-0.211587,-1.28372
-0.191599,-1.26201
-0.176734,-1.26869
-0.200049,-1.25427
-0.203495,-1.28266
-0.222889,-1.30613
-0.193705,-1.26361
-0.20452,-1.27931
-0.21573,-1.24974
-0.202138,-1.24144
-0.173554,-1.28675
-0.169351,-1.30937
-0.201519,-1.30965
-0.185905,-1.28386
-0.195345,-1.27609
-0.223669,-1.2648
-0.216103,-1.22323
-0.212696,-1.26877
-0.206727,-1.28144
-0.207595,-1.27897
-0.194037,-1.2787
-0.178486,-1.28829
-0.170943,-1.28749
-0.161137,-1.28265
-0.173637,-1.28012
-0.199523,-1.25108
-0.203527,-1.22937
-0.2124,-1.24064
-0.215765,-1.28744
-0.218571,-1.28524
-0.210175,-1.27591
-0.184133,-1.26584
-0.137844,-1.23292
-0.153825,-1.23212
-0.150864,-1.23182
-0.19718,-1.23787
-0.198568,-1.22247
-0.18626,-1.22933
-0.157106,-1.2603
-0.172267,-1.24995
-0.152696,-1.2323
-0.164642,-1.27028
-0.197236,-1.26455
-0.210794,-1.24504
-0.193905,-1.24427
-0.199404,-1.26091
-0.202745,-1.27942
-0.19342,-1.25299
-0.195494,-1.24317
-0.177115,-1.25904
-0.196962,-1.25412
-0.20683,-1.29491
-0.181364,-1.27833
-0.175454,-1.25092
-0.156956,-1.27262
-0.161754,-1.27614
-0.193623,-1.27356
-0.197092,-1.27046
-0.18375,-1.26988
-0.155469,-1.26443
-0.150366,-1.26615
-0.164229,-1.25132
-0.191613,-1.28121
-0.206516,-1.284
-0.155007,-1.28944
-0.143194,-1.28412
-0.143783,-1.28366
-0.139788,-1.25144
-0.153975,-1.26038
-0.117867,-1.27845
-0.127442,-1.29119
-0.128723,-1.25639
-0.15534,-1.23903
-0.186245,-1.23533
-0.182316,-1.24829
-0.171193,-1.25177
