272.096,174.239,8.71245,-13.6056
272.096,174.239,8.71297,-13.6065
272.096,174.239,8.71349,-13.6073
272.096,174.239,8.71402,-13.6081
272.096,174.239,8.71454,-13.6089
272.096,174.239,8.71506,-13.6097
272.096,174.239,8.71558,-13.6105
272.096,174.239,8.71611,-13.6114
272.096,174.239,8.71663,-13.6122
272.096,174.239,8.71715,-13.613
272.096,174.239,8.71768,-13.6138
272.096,174.239,8.7182,-13.6146
272.096,174.239,8.71872,-13.6154
272.096,174.239,8.71924,-13.6162
272.096,174.239,8.71977,-13.6171
272.096,174.239,8.72029,-13.6179
272.096,174.239,8.72081,-13.6187
272.096,174.239,8.72133,-13.6195
272.096,174.239,8.72186,-13.6203
272.096,174.239,8.72238,-13.6211
272.096,174.239,8.7229,-13.622
272.096,174.239,8.72343,-13.6228
272.096,174.239,8.72395,-13.6236
272.096,174.239,8.72447,-13.6244
272.096,174.239,8.72499,-13.6252
272.096,174.239,8.72552,-13.626
272.096,174.239,8.72604,-13.6269
272.096,174.239,8.72656,-13.6277
272.096,174.239,8.72708,-13.6285
272.096,174.239,8.72761,-13.6293
272.096,174.239,8.72813,-13.6301
272.096,174.239,8.72865,-13.6309
272.096,174.239,8.72918,-13.6318
272.096,174.239,8.7297,-13.6326
272.096,174.239,8.73022,-13.6334
272.096,174.239,8.73074,-13.6342
272.096,174.239,8.73127,-13.635
272.096,174.239,8.73179,-13.6358
272.096,174.239,8.73231,-13.6367
272.096,174.239,8.73283,-13.6375
272.096,174.239,8.73336,-13.6383
272.096,174.239,8.73388,-13.6391
272.096,174.239,8.7344,-13.6399
272.096,174.239,8.73492,-13.6407
272.096,174.239,8.73545,-13.6416
272.096,174.239,8.73597,-13.6424
272.096,174.239,8.73649,-13.6432
272.096,174.239,8.73702,-13.644
272.096,174.239,8.73754,-13.6448
272.096,174.239,8.73806,-13.6456
272.096,174.239,8.73858,-13.6465
272.096,174.239,8.73911,-13.6473
272.096,174.239,8.73963,-13.6481
272.096,174.239,8.74015,-13.6489
272.096,174.239,8.74067,-13.6497
272.096,174.239,8.7412,-13.6505
272.096,174.239,8.74172,-13.6513
272.096,174.239,8.74224,-13.6522
272.096,174.239,8.74277,-13.653
272.096,174.239,8.74329,-13.6538
272.096,174.239,8.74381,-13.6546
272.096,174.239,8.74433,-13.6554
272.096,174.239,8.74486,-13.6562
272.096,174.239,8.74538,-13.6571
272.096,174.239,8.7459,-13.6579
272.096,174.239,8.74642,-13.6587
272.096,174.239,8.74695,-13.6595
272.096,174.239,8.74747,-13.6603
272.096,174.239,8.74799,-13.6611
272.096,174.239,8.74852,-13.662
272.096,174.239,8.74904,-13.6628
272.096,174.239,8.74956,-13.6636
272.096,174.239,8.75008,-13.6644
272.096,174.239,8.75061,-13.6652
272.096,174.239,8.75113,-13.666
272.096,174.239,8.75165,-13.6669
272.096,174.239,8.75217,-13.6677
272.096,174.239,8.7527,-13.6685
272.096,174.239,8.75322,-13.6693
272.096,174.239,8.75374,-13.6701
272.096,174.239,8.75427,-13.6709
272.096,174.239,8.75479,-13.6718
272.096,174.239,8.75531,-13.6726
272.096,174.239,8.75583,-13.6734
272.096,174.239,8.75636,-13.6742
272.096,174.239,8.75688,-13.675
272.096,174.239,8.7574,-13.6758
272.096,174.239,8.75792,-13.6767
272.096,174.239,8.75845,-13.6775
272.096,174.239,8.75897,-13.6783
272.096,174.239,8.75949,-13.6791
272.096,174.239,8.76002,-13.6799
272.096,174.239,8.76054,-13.6807
272.096,174.239,8.76106,-13.6816
272.096,174.239,8.76158,-13.6824
272.096,174.239,8.76211,-13.6832
272.096,174.239,8.76263,-13.684
272.096,174.239,8.76315,-13.6848
272.096,174.239,8.76367,-13.6856
272.096,174.239,8.7642,-13.6864
272.096,174.239,8.76472,-13.6873
272.096,174.239,8.76524,-13.6881
272.096,174.239,8.76577,-13.6889
272.096,174.239,8.76629,-13.6897
272.096,174.239,8.76681,-13.6905
272.096,174.239,8.76733,-13.6913
272.096,174.239,8.76786,-13.6922
272.096,174.239,8.76838,-13.693
272.096,174.239,8.7689,-13.6938
272.096,174.239,8.76942,-13.6946
272.096,174.239,8.76995,-13.6954
272.096,174.239,8.77047,-13.6962
272.096,174.239,8.77099,-13.6971
272.096,174.239,8.77152,-13.6979
272.096,174.239,8.77204,-13.6987
272.096,174.239,8.77256,-13.6995
272.096,174.239,8.77308,-13.7003
272.096,174.239,8.77361,-13.7011
272.096,174.239,8.77413,-13.702
272.096,174.239,8.77465,-13.7028
272.096,174.239,8.77517,-13.7036
272.096,174.239,8.7757,-13.7044
272.096,174.239,8.77622,-13.7052
272.096,174.239,8.77674,-13.706
272.096,174.239,8.77726,-13.7069
272.096,174.239,8.77779,-13.7077
272.096,174.239,8.77831,-13.7085
272.096,174.239,8.77883,-13.7093
272.096,174.239,8.77936,-13.7101
272.096,174.239,8.77988,-13.7109
272.096,174.239,8.7804,-13.7118
272.096,174.239,8.78092,-13.7126
272.096,174.239,8.78145,-13.7134
272.096,174.239,8.78197,-13.7142
272.096,174.239,8.78249,-13.715
272.096,174.239,8.78301,-13.7158
272.096,174.239,8.78354,-13.7167
272.096,174.239,8.78406,-13.7175
272.096,174.239,8.78458,-13.7183
272.096,174.239,8.78511,-13.7191
272.096,174.239,8.78563,-13.7199
272.096,174.239,8.78615,-13.7207
272.096,174.239,8.78667,-13.7215
272.096,174.239,8.7872,-13.7224
272.096,174.239,8.78772,-13.7232
272.096,174.239,8.78824,-13.724
272.096,174.239,8.78876,-13.7248
272.096,174.239,8.78929,-13.7256
272.096,174.239,8.78981,-13.7264
272.096,174.239,8.79033,-13.7273
272.096,174.239,8.79086,-13.7281
272.096,174.239,8.79138,-13.7289
272.096,174.239,8.7919,-13.7297
272.096,174.239,8.79242,-13.7305
272.096,174.239,8.79295,-13.7313
272.096,174.239,8.79347,-13.7322
272.096,174.239,8.79399,-13.733
272.096,174.239,8.79451,-13.7338
272.096,174.239,8.79504,-13.7346
272.096,174.239,8.79556,-13.7354
272.096,174.239,8.79608,-13.7362
272.096,174.239,8.79661,-13.7371
272.096,174.239,8.79713,-13.7379
272.096,174.239,8.79765,-13.7387
272.096,174.239,8.79817,-13.7395
272.096,174.239,8.7987,-13.7403
272.096,174.239,8.79922,-13.7411
272.096,174.239,8.79974,-13.742
272.096,174.239,8.80026,-13.7428
272.096,174.239,8.80079,-13.7436
272.096,174.239,8.80131,-13.7444
272.096,174.239,8.80183,-13.7452
272.096,174.239,8.80236,-13.746
272.096,174.239,8.80288,-13.7469
272.096,174.239,8.8034,-13.7477
272.096,174.239,8.80392,-13.7485
272.096,174.239,8.80445,-13.7493
272.096,174.239,8.80497,-13.7501
272.096,174.239,8.80549,-13.7509
272.096,174.239,8.80601,-13.7518
272.096,174.239,8.80654,-13.7526
272.096,174.239,8.80706,-13.7534
272.096,174.239,8.80758,-13.7542
272.096,174.239,8.80811,-13.755
272.096,174.239,8.80863,-13.7558
272.096,174.239,8.80915,-13.7567
272.096,174.239,8.80967,-13.7575
272.096,174.239,8.8102,-13.7583
272.096,174.239,8.81072,-13.7591
272.096,174.239,8.81124,-13.7599
272.096,174.239,8.81176,-13.7607
272.096,174.239,8.81229,-13.7615
272.096,174.239,8.81281,-13.7624
272.096,174.239,8.81333,-13.7632
272.096,174.239,8.81386,-13.764
272.096,174.239,8.81438,-13.7648
272.096,174.239,8.8149,-13.7656
272.096,174.239,8.81542,-13.7664
272.096,174.239,8.81595,-13.7673
272.096,174.239,8.81647,-13.7681
272.096,174.239,8.81699,-13.7689
272.096,174.239,8.81751,-13.7697
272.096,174.239,8.81804,-13.7705
272.096,174.239,8.81856,-13.7713
272.096,174.239,8.81908,-13.7722
272.096,174.239,8.8196,-13.773
272.096,174.239,8.82013,-13.7738
272.096,174.239,8.82065,-13.7746
272.096,174.239,8.82117,-13.7754
272.096,174.239,8.8217,-13.7762
272.096,174.239,8.82222,-13.7771
272.096,174.239,8.82274,-13.7779
272.096,174.239,8.82326,-13.7787
272.096,174.239,8.82379,-13.7795
272.096,174.239,8.82431,-13.7803
272.096,174.239,8.82483,-13.7811
272.096,174.239,8.82535,-13.782
272.096,174.239,8.82588,-13.7828
272.096,174.239,8.8264,-13.7836
272.096,174.239,8.82692,-13.7844
272.096,174.239,8.82745,-13.7852
272.096,174.239,8.82797,-13.786
272.096,174.239,8.82849,-13.7869
272.096,174.239,8.82901,-13.7877
272.096,174.239,8.82954,-13.7885
272.096,174.239,8.83006,-13.7893
272.096,174.239,8.83058,-13.7901
272.096,174.239,8.8311,-13.7909
272.096,174.239,8.83163,-13.7918
272.096,174.239,8.83215,-13.7926
272.096,174.239,8.83267,-13.7934
272.096,174.239,8.8332,-13.7942
272.096,174.239,8.83372,-13.795
272.096,174.239,8.83424,-13.7958
272.096,174.239,8.83476,-13.7966
272.096,174.239,8.83529,-13.7975
272.096,174.239,8.83581,-13.7983
272.096,174.239,8.83633,-13.7991
272.096,174.239,8.83685,-13.7999
272.096,174.239,8.83738,-13.8007
272.096,174.239,8.8379,-13.8015
272.096,174.239,8.83842,-13.8024
272.096,174.239,8.83895,-13.8032
272.096,174.239,8.83947,-13.804
272.096,174.239,8.83999,-13.8048
272.096,174.239,8.84051,-13.8056
272.096,174.239,8.84104,-13.8064
272.096,174.239,8.84156,-13.8073
272.096,174.239,8.84208,-13.8081
272.096,174.239,8.8426,-13.8089
272.096,174.239,8.84313,-13.8097
272.096,174.239,8.84365,-13.8105
272.096,174.239,8.84417,-13.8113
272.096,174.239,8.8447,-13.8122
272.096,174.239,8.84522,-13.813
272.096,174.239,8.84574,-13.8138
272.096,174.239,8.84626,-13.8146
272.096,174.239,8.84679,-13.8154
272.096,174.239,8.84731,-13.8162
272.096,174.239,8.84783,-13.8171
272.096,174.239,8.84835,-13.8179
272.096,174.239,8.84888,-13.8187
272.096,174.239,8.8494,-13.8195
272.096,174.239,8.84992,-13.8203
272.096,174.239,8.85045,-13.8211
272.096,174.239,8.85097,-13.822
272.096,174.239,8.85149,-13.8228
272.096,174.239,8.85201,-13.8236
272.096,174.239,8.85254,-13.8244
272.096,174.239,8.85306,-13.8252
272.096,174.239,8.85358,-13.826
272.096,174.239,8.8541,-13.8269
272.096,174.239,8.85463,-13.8277
272.096,174.239,8.85515,-13.8285
272.096,174.239,8.85567,-13.8293
272.096,174.239,8.85619,-13.8301
272.096,174.239,8.85672,-13.8309
272.096,174.239,8.85724,-13.8317
272.096,174.239,8.85776,-13.8326
272.096,174.239,8.85829,-13.8334
272.096,174.239,8.85881,-13.8342
272.096,174.239,8.85933,-13.835
272.096,174.239,8.85985,-13.8358
272.096,174.239,8.86038,-13.8366
272.096,174.239,8.8609,-13.8375
272.096,174.239,8.86142,-13.8383
272.096,174.239,8.86194,-13.8391
272.096,174.239,8.86247,-13.8399
272.096,174.239,8.86299,-13.8407
272.096,174.239,8.86351,-13.8415
272.096,174.239,8.86404,-13.8424
272.096,174.239,8.86456,-13.8432
272.096,174.239,8.86508,-13.844
272.096,174.239,8.8656,-13.8448
272.096,174.239,8.86613,-13.8456
272.096,174.239,8.86665,-13.8464
272.096,174.239,8.86717,-13.8473
272.096,174.239,8.86769,-13.8481
272.096,174.239,8.86822,-13.8489
272.096,174.239,8.86874,-13.8497
272.096,174.239,8.86926,-13.8505
272.096,174.239,8.86979,-13.8513
272.096,174.239,8.87031,-13.8522
272.096,174.239,8.87083,-13.853
272.096,174.239,8.87135,-13.8538
272.096,174.239,8.87188,-13.8546
272.096,174.239,8.8724,-13.8554
272.096,174.239,8.87292,-13.8562
272.096,174.239,8.87344,-13.8571
272.096,174.239,8.87397,-13.8579
272.096,174.239,8.87449,-13.8587
272.096,174.239,8.87501,-13.8595
272.096,174.239,8.87554,-13.8603
272.096,174.239,8.87606,-13.8611
272.096,174.239,8.87658,-13.862
272.096,174.239,8.8771,-13.8628
272.096,174.239,8.87763,-13.8636
272.096,174.239,8.87815,-13.8644
272.096,174.239,8.87867,-13.8652
272.096,174.239,8.87919,-13.866
272.096,174.239,8.87972,-13.8668
272.096,174.239,8.88024,-13.8677
272.096,174.239,8.88076,-13.8685
272.096,174.239,8.88129,-13.8693
272.096,174.239,8.88181,-13.8701
272.096,174.239,8.88233,-13.8709
272.096,174.239,8.88285,-13.8717
272.096,174.239,8.88338,-13.8726
272.096,174.239,8.8839,-13.8734
272.096,174.239,8.88442,-13.8742
272.096,174.239,8.88494,-13.875
272.096,174.239,8.88547,-13.8758
272.096,174.239,8.88599,-13.8766
272.096,174.239,8.88651,-13.8775
272.096,174.239,8.88704,-13.8783
272.096,174.239,8.88756,-13.8791
272.096,174.239,8.88808,-13.8799
272.096,174.239,8.8886,-13.8807
272.096,174.239,8.88913,-13.8815
272.096,174.239,8.88965,-13.8824
272.096,174.239,8.89017,-13.8832
272.096,174.239,8.89069,-13.884
272.096,174.239,8.89122,-13.8848
272.096,174.239,8.89174,-13.8856
272.096,174.239,8.89226,-13.8864
272.096,174.239,8.89279,-13.8873
272.096,174.239,8.89331,-13.8881
272.096,174.239,8.89383,-13.8889
272.096,174.239,8.89435,-13.8897
272.096,174.239,8.89488,-13.8905
272.096,174.239,8.8954,-13.8913
272.096,174.239,8.89592,-13.8922
272.096,174.239,8.89644,-13.893
272.096,174.239,8.89697,-13.8938
272.096,174.239,8.89749,-13.8946
272.096,174.239,8.89801,-13.8954
272.096,174.239,8.89853,-13.8962
272.096,174.239,8.89906,-13.8971
272.096,174.239,8.89958,-13.8979
272.096,174.239,8.9001,-13.8987
272.096,174.239,8.90063,-13.8995
272.096,174.239,8.90115,-13.9003
272.096,174.239,8.90167,-13.9011
272.096,174.239,8.90219,-13.9019
272.096,174.239,8.90272,-13.9028
272.096,174.239,8.90324,-13.9036
272.096,174.239,8.90376,-13.9044
272.096,174.239,8.90428,-13.9052
272.096,174.239,8.90481,-13.906
272.096,174.239,8.90533,-13.9068
272.096,174.239,8.90585,-13.9077
272.096,174.239,8.90638,-13.9085
272.096,174.239,8.9069,-13.9093
272.096,174.239,8.90742,-13.9101
272.096,174.239,8.90794,-13.9109
272.096,174.239,8.90847,-13.9117
272.096,174.239,8.90899,-13.9126
272.096,174.239,8.90951,-13.9134
272.096,174.239,8.91003,-13.9142
272.096,174.239,8.91056,-13.915
272.096,174.239,8.91108,-13.9158
272.096,174.239,8.9116,-13.9166
272.096,174.239,8.91213,-13.9175
272.096,174.239,8.91265,-13.9183
272.096,174.239,8.91317,-13.9191
272.096,174.239,8.91369,-13.9199
272.096,174.239,8.91422,-13.9207
272.096,174.239,8.91474,-13.9215
272.096,174.239,8.91526,-13.9224
272.096,174.239,8.91578,-13.9232
272.096,174.239,8.91631,-13.924
272.096,174.239,8.91683,-13.9248
272.096,174.239,8.91735,-13.9256
272.096,174.239,8.91788,-13.9264
272.096,174.239,8.9184,-13.9273
272.096,174.239,8.91892,-13.9281
272.096,174.239,8.91944,-13.9289
272.096,174.239,8.91997,-13.9297
272.096,174.239,8.92049,-13.9305
272.096,174.239,8.92101,-13.9313
272.096,174.239,8.92153,-13.9322
272.096,174.239,8.92206,-13.933
272.096,174.239,8.92258,-13.9338
272.096,174.239,8.9231,-13.9346
272.096,174.239,8.92363,-13.9354
272.096,174.239,8.92415,-13.9362
272.096,174.239,8.92467,-13.937
272.096,174.239,8.92519,-13.9379
272.096,174.239,8.92572,-13.9387
272.096,174.239,8.92624,-13.9395
272.096,174.239,8.92676,-13.9403
272.096,174.239,8.92728,-13.9411
272.096,174.239,8.92781,-13.9419
272.096,174.239,8.92833,-13.9428
272.096,174.239,8.92885,-13.9436
272.096,174.239,8.92938,-13.9444
272.096,174.239,8.9299,-13.9452
272.096,174.239,8.93042,-13.946
272.096,174.239,8.93094,-13.9468
272.096,174.239,8.93147,-13.9477
272.096,174.239,8.93199,-13.9485
272.096,174.239,8.93251,-13.9493
272.096,174.239,8.93303,-13.9501
272.096,174.239,8.93356,-13.9509
272.096,174.239,8.93408,-13.9517
272.096,174.239,8.9346,-13.9526
272.096,174.239,8.93513,-13.9534
272.096,174.239,8.93565,-13.9542
272.096,174.239,8.93617,-13.955
272.096,174.239,8.93669,-13.9558
272.096,174.239,8.93722,-13.9566
272.096,174.239,8.93774,-13.9575
272.096,174.239,8.93826,-13.9583
272.096,174.239,8.93878,-13.9591
272.096,174.239,8.93931,-13.9599
272.096,174.239,8.93983,-13.9607
272.096,174.239,8.94035,-13.9615
272.096,174.239,8.94087,-13.9624
272.096,174.239,8.9414,-13.9632
272.096,174.239,8.94192,-13.964
272.096,174.239,8.94244,-13.9648
272.096,174.239,8.94297,-13.9656
272.096,174.239,8.94349,-13.9664
272.096,174.239,8.94401,-13.9673
272.096,174.239,8.94453,-13.9681
272.096,174.239,8.94506,-13.9689
272.096,174.239,8.94558,-13.9697
272.096,174.239,8.9461,-13.9705
272.096,174.239,8.94662,-13.9713
272.096,174.239,8.94715,-13.9722
272.096,174.239,8.94767,-13.973
272.096,174.239,8.94819,-13.9738
272.096,174.239,8.94872,-13.9746
272.096,174.239,8.94924,-13.9754
272.096,174.239,8.94976,-13.9762
272.096,174.239,8.95028,-13.977
272.096,174.239,8.95081,-13.9779
272.096,174.239,8.95133,-13.9787
272.096,174.239,8.95185,-13.9795
272.096,174.239,8.95237,-13.9803
272.096,174.239,8.9529,-13.9811
272.096,174.239,8.95342,-13.9819
272.096,174.239,8.95394,-13.9828
272.096,174.239,8.95447,-13.9836
272.096,174.239,8.95499,-13.9844
272.096,174.239,8.95551,-13.9852
272.096,174.239,8.95603,-13.986
272.096,174.239,8.95656,-13.9868
272.096,174.239,8.95708,-13.9877
272.096,174.239,8.9576,-13.9885
272.096,174.239,8.95812,-13.9893
272.096,174.239,8.95865,-13.9901
272.096,174.239,8.95917,-13.9909
272.096,174.239,8.95969,-13.9917
272.096,174.239,8.96022,-13.9926
272.096,174.239,8.96074,-13.9934
272.096,174.239,8.96126,-13.9942
272.096,174.239,8.96178,-13.995
272.096,174.239,8.96231,-13.9958
272.096,174.239,8.96283,-13.9966
272.096,174.239,8.96335,-13.9975
272.096,174.239,8.96387,-13.9983
272.096,174.239,8.9644,-13.9991
272.096,174.239,8.96492,-13.9999
272.096,174.239,8.96544,-14.0007
272.096,174.239,8.96597,-14.0015
272.096,174.239,8.96649,-14.0024
272.096,174.239,8.96701,-14.0032
272.096,174.239,8.96753,-14.004
272.096,174.239,8.96806,-14.0048
272.096,174.239,8.96858,-14.0056
272.096,174.239,8.9691,-14.0064
272.096,174.239,8.96962,-14.0073
272.096,174.239,8.97015,-14.0081
272.096,174.239,8.97067,-14.0089
272.096,174.239,8.97119,-14.0097
272.096,174.239,8.97172,-14.0105
272.096,174.239,8.97224,-14.0113
272.096,174.239,8.97276,-14.0121
272.096,174.239,8.97328,-14.013
272.096,174.239,8.97381,-14.0138
272.096,174.239,8.97433,-14.0146
272.096,174.239,8.97485,-14.0154
272.096,174.239,8.97537,-14.0162
272.096,174.239,8.9759,-14.017
272.096,174.239,8.97642,-14.0179
272.096,174.239,8.97694,-14.0187
272.096,174.239,8.97746,-14.0195
272.096,174.239,8.97799,-14.0203
272.096,174.239,8.97851,-14.0211
272.096,174.239,8.97903,-14.0219
272.096,174.239,8.97956,-14.0228
272.096,174.239,8.98008,-14.0236
272.096,174.239,8.9806,-14.0244
272.096,174.239,8.98112,-14.0252
272.096,174.239,8.98165,-14.026
272.096,174.239,8.98217,-14.0268
272.096,174.239,8.98269,-14.0277
272.096,174.239,8.98321,-14.0285
272.096,174.239,8.98374,-14.0293
272.096,174.239,8.98426,-14.0301
272.096,174.239,8.98478,-14.0309
272.096,174.239,8.98531,-14.0317
272.096,174.239,8.98583,-14.0326
272.096,174.239,8.98635,-14.0334
272.096,174.239,8.98687,-14.0342
272.096,174.239,8.9874,-14.035
272.096,174.239,8.98792,-14.0358
272.096,174.239,8.98844,-14.0366
272.096,174.239,8.98896,-14.0375
272.096,174.239,8.98949,-14.0383
272.096,174.239,8.99001,-14.0391
272.096,174.239,8.99053,-14.0399
272.096,174.239,8.99106,-14.0407
272.096,174.239,8.99158,-14.0415
272.096,174.239,8.9921,-14.0424
272.096,174.239,8.99262,-14.0432
272.096,174.239,8.99315,-14.044
272.096,174.239,8.99367,-14.0448
272.096,174.239,8.99419,-14.0456
272.096,174.239,8.99471,-14.0464
272.096,174.239,8.99524,-14.0472
272.096,174.239,8.99576,-14.0481
272.096,174.239,8.99628,-14.0489
272.096,174.239,8.99681,-14.0497
272.096,174.239,8.99733,-14.0505
272.096,174.239,8.99785,-14.0513
272.096,174.239,8.99837,-14.0521
272.096,174.239,8.9989,-14.053
272.096,174.239,8.99942,-14.0538
272.096,174.239,8.99994,-14.0546
272.096,174.239,9.00046,-14.0554
272.096,174.239,9.00099,-14.0562
272.096,174.239,9.00151,-14.057
272.096,174.239,9.00203,-14.0579
272.096,174.239,9.00256,-14.0587
272.096,174.239,9.00308,-14.0595
272.096,174.239,9.0036,-14.0603
272.096,174.239,9.00412,-14.0611
272.096,174.239,9.00465,-14.0619
272.096,174.239,9.00517,-14.0628
272.096,174.239,9.00569,-14.0636
272.096,174.239,9.00621,-14.0644
272.096,174.239,9.00674,-14.0652
272.096,174.239,9.00726,-14.066
272.096,174.239,9.00778,-14.0668
272.096,174.239,9.00831,-14.0677
272.096,174.239,9.00883,-14.0685
272.096,174.239,9.00935,-14.0693
272.096,174.239,9.00987,-14.0701
272.096,174.239,9.0104,-14.0709
272.096,174.239,9.01092,-14.0717
272.096,174.239,9.01144,-14.0726
272.096,174.239,9.01196,-14.0734
272.096,174.239,9.01249,-14.0742
272.096,174.239,9.01301,-14.075
272.096,174.239,9.01353,-14.0758
272.096,174.239,9.01406,-14.0766
272.096,174.239,9.01458,-14.0775
272.096,174.239,9.0151,-14.0783
272.096,174.239,9.01562,-14.0791
272.096,174.239,9.01615,-14.0799
272.096,174.239,9.01667,-14.0807
272.096,174.239,9.01719,-14.0815
272.096,174.239,9.01771,-14.0823
272.096,174.239,9.01824,-14.0832
272.096,174.239,9.01876,-14.084
272.096,174.239,9.01928,-14.0848
272.096,174.239,9.0198,-14.0856
272.096,174.239,9.02033,-14.0864
272.096,174.239,9.02085,-14.0872
272.096,174.239,9.02137,-14.0881
272.096,174.239,9.0219,-14.0889
272.096,174.239,9.02242,-14.0897
272.096,174.239,9.02294,-14.0905
272.096,174.239,9.02346,-14.0913
272.096,174.239,9.02399,-14.0921
272.096,174.239,9.02451,-14.093
272.096,174.239,9.02503,-14.0938
272.096,174.239,9.02555,-14.0946
272.096,174.239,9.02608,-14.0954
272.096,174.239,9.0266,-14.0962
272.096,174.239,9.02712,-14.097
272.096,174.239,9.02765,-14.0979
272.096,174.239,9.02817,-14.0987
272.096,174.239,9.02869,-14.0995
272.096,174.239,9.02921,-14.1003
272.096,174.239,9.02974,-14.1011
272.096,174.239,9.03026,-14.1019
272.096,174.239,9.03078,-14.1028
272.096,174.239,9.0313,-14.1036
272.096,174.239,9.03183,-14.1044
272.096,174.239,9.03235,-14.1052
272.096,174.239,9.03287,-14.106
272.096,174.239,9.0334,-14.1068
272.096,174.239,9.03392,-14.1077
272.096,174.239,9.03444,-14.1085
272.096,174.239,9.03496,-14.1093
272.096,174.239,9.03549,-14.1101
272.096,174.239,9.03601,-14.1109
272.096,174.239,9.03653,-14.1117
272.096,174.239,9.03705,-14.1126
272.096,174.239,9.03758,-14.1134
272.096,174.239,9.0381,-14.1142
272.096,174.239,9.03862,-14.115
272.096,174.239,9.03915,-14.1158
272.096,174.239,9.03967,-14.1166
272.096,174.239,9.04019,-14.1174
272.096,174.239,9.04071,-14.1183
272.096,174.239,9.04124,-14.1191
272.096,174.239,9.04176,-14.1199
272.096,174.239,9.04228,-14.1207
272.096,174.239,9.0428,-14.1215
272.096,174.239,9.04333,-14.1223
272.096,174.239,9.04385,-14.1232
272.096,174.239,9.04437,-14.124
272.096,174.239,9.0449,-14.1248
272.096,174.239,9.04542,-14.1256
272.096,174.239,9.04594,-14.1264
272.096,174.239,9.04646,-14.1272
272.096,174.239,9.04699,-14.1281
271.386,173.8,8.9861,-14.0294
271.386,173.8,8.98662,-14.0303
271.244,173.712,8.9867,-14.0304
271.216,173.695,8.99542,-14.0445
271.216,173.695,8.99594,-14.0453
271.21,173.691,9.00391,-14.0581
271.209,173.69,9.00998,-14.0679
271.209,173.69,9.0105,-14.0687
271.209,173.69,9.01498,-14.076
271.209,173.69,9.0155,-14.0768
271.209,173.69,9.0188,-14.0821
271.209,173.69,9.02127,-14.0861
271.209,173.69,9.02179,-14.0869
271.209,173.69,9.02368,-14.0899
271.209,173.69,9.0242,-14.0907
271.209,173.69,9.02568,-14.0931
271.209,173.69,9.02687,-14.095
271.209,173.69,9.02739,-14.0958
271.209,173.69,9.02838,-14.0974
271.209,173.69,9.0289,-14.0982
271.209,173.69,9.02975,-14.0995
271.209,173.69,9.0305,-14.1007
271.209,173.69,9.03102,-14.1015
271.209,173.69,9.0317,-14.1026
271.209,173.69,9.03222,-14.1034
271.209,173.69,9.03286,-14.1044
271.209,173.69,9.03346,-14.1053
271.209,173.69,9.03398,-14.1062
271.209,173.69,9.03455,-14.1071
271.209,173.69,9.03511,-14.1079
271.209,173.69,9.03563,-14.1087
271.209,173.69,9.03618,-14.1096
271.209,173.69,9.0367,-14.1104
271.209,173.69,9.03724,-14.1113
271.209,173.69,9.03778,-14.1121
271.209,173.69,9.0383,-14.1129
271.209,173.69,9.03883,-14.1137
271.209,173.69,9.03935,-14.1146
271.209,173.69,9.03988,-14.1154
271.209,173.69,9.0404,-14.1162
271.209,173.69,9.04092,-14.117
271.209,173.69,9.04145,-14.1178
271.209,173.69,9.04197,-14.1186
271.209,173.69,9.04249,-14.1195
271.209,173.69,9.04301,-14.1203
271.878,169.782,8.49637,-14.2148
272.011,169,8.49297,-14.2163
272.011,169,8.49348,-14.2171
272.038,168.844,8.56707,-14.2054
272.044,168.813,8.6339,-14.1948
272.044,168.813,8.6344,-14.1957
272.231,163.338,7.91872,-14.2141
272.231,163.338,7.91921,-14.215
272.212,157.811,7.32899,-14.202
272.212,157.811,7.32947,-14.2028
271.836,152.849,6.91258,-14.1437
271.752,149.279,6.74143,-14.1378
271.752,149.279,6.74188,-14.1387
272.63,145.184,6.4951,-14.2682
272.63,145.184,6.49554,-14.269
274.929,139.581,6.05028,-14.5721
276.309,136.787,6.04803,-14.6904
276.309,136.787,6.04844,-14.6912
280.081,135.489,6.21446,-15.1296
282.258,133.383,6.19821,-15.2703
282.258,133.383,6.19861,-15.2712
284.589,131.63,6.20519,-15.424
284.589,131.63,6.20558,-15.4248
286.757,130.136,6.22032,-15.5443
288.514,128.4,6.17446,-15.6031
288.514,128.4,6.17484,-15.604
289.948,127.741,6.26754,-15.6265
289.948,127.741,6.26792,-15.6274
290.775,127.123,6.32879,-15.5799
290.96,127.341,6.47917,-15.4696
290.96,127.341,6.47955,-15.4705
290.659,127.737,6.61329,-15.3282
290.659,127.737,6.61367,-15.3291
289.965,128.009,6.69597,-15.1702
289.965,128.009,6.69635,-15.1711
288.599,129.086,6.87074,-14.9556
286.629,130.245,7.02069,-14.7001
286.629,130.245,7.02108,-14.7009
284.156,131.282,7.12645,-14.4222
282.149,132.176,7.19581,-14.2555
282.149,132.176,7.1962,-14.2564
280.392,132.505,7.17921,-14.1449
280.392,132.505,7.17961,-14.1457
280.27,132.145,7.07627,-14.2705
280.667,132.366,7.08011,-14.4289
280.667,132.366,7.0805,-14.4298
281.72,132.969,7.13995,-14.6386
281.72,132.969,7.14035,-14.6395
283.009,133.483,7.17882,-14.8349
283.009,133.483,7.17922,-14.8357
283.847,134.548,7.29106,-14.9289
283.847,134.548,7.29146,-14.9298
284.892,134.804,7.27255,-15.0369
284.892,134.804,7.27296,-15.0377
285.949,135.347,7.30382,-15.1302
287.309,135.853,7.32867,-15.2535
287.309,135.853,7.32908,-15.2543
288.828,136.056,7.31169,-15.3836
289.661,135.683,7.22191,-15.401
289.661,135.683,7.22232,-15.4019
290.973,134.731,7.07307,-15.494
291.236,134.54,7.06105,-15.4315
291.236,134.54,7.06145,-15.4323
291.288,134.502,7.07163,-15.3634
291.288,134.502,7.07203,-15.3642
291.299,134.495,7.08296,-15.3111
291.301,134.493,7.09147,-15.2732
291.301,134.493,7.09188,-15.274
291.301,134.493,7.0981,-15.2475
291.301,134.493,7.09851,-15.2484
291.301,134.493,7.10302,-15.2301
291.301,134.493,7.1063,-15.2175
291.301,134.493,7.10671,-15.2184
291.846,135.887,7.30437,-15.2862
289.684,140.018,7.84683,-14.963
289.684,140.018,7.84725,-14.9638
287.945,142.974,8.12469,-14.7647
287.945,142.974,8.12512,-14.7656
286.04,146.877,8.49626,-14.5771
286.88,148.44,8.48718,-14.8013
286.88,148.44,8.48763,-14.8022
286.051,150.304,8.54712,-14.7382
286.051,150.304,8.54757,-14.739
285.651,151.488,8.522,-14.7421
285.651,151.488,8.52246,-14.743
284.843,152.525,8.50187,-14.6823
283.884,153.382,8.47794,-14.6067
283.884,153.382,8.4784,-14.6076
283.535,153.733,8.40383,-14.6261
283.247,154.034,8.35003,-14.6424
283.247,154.034,8.35049,-14.6433
282.888,153.079,8.14163,-14.6409
281.82,151.797,7.93553,-14.5347
281.82,151.797,7.93599,-14.5356
280.619,149.959,7.69467,-14.4269
280.619,149.959,7.69512,-14.4277
280.29,146.943,7.33392,-14.456
280.225,146.34,7.37374,-14.5079
280.225,146.34,7.37418,-14.5088
280.225,146.34,7.37462,-14.5096
280.211,146.219,7.46113,-14.5526
280.211,146.219,7.46156,-14.5534
280.209,146.195,7.53395,-14.585
280.209,146.195,7.53439,-14.5859
280.208,146.19,7.58754,-14.6085
280.208,146.189,7.62534,-14.6247
280.208,146.189,7.62578,-14.6255
283.855,145.126,7.50359,-15.1476
283.855,145.126,7.50402,-15.1485
284.953,144.5,7.46404,-15.2122
285.487,143.95,7.43733,-15.1944
285.487,143.95,7.43776,-15.1953
284.64,143.535,7.42982,-14.9977
284.64,143.535,7.43025,-14.9986
284.156,143.99,7.54043,-14.8989
284.312,144.266,7.59946,-14.9116
284.312,144.266,7.59989,-14.9124
285.115,144.559,7.64783,-15.0144
285.115,144.559,7.64826,-15.0153
286.231,145.144,7.7272,-15.1429
287.104,145.508,7.76043,-15.2151
287.104,145.508,7.76086,-15.216
287.626,145.744,7.77181,-15.2309
287.626,145.744,7.77225,-15.2317
288.02,146.665,7.87956,-15.2322
288.724,148.226,8.05811,-15.2821
288.724,148.226,8.05856,-15.283
288.763,149.865,8.21809,-15.2358
288.763,149.865,8.21854,-15.2366
288.275,151.929,8.41443,-15.1305
287.234,154.533,8.65822,-14.9718
287.234,154.533,8.65868,-14.9726
285.338,156.07,8.71919,-14.7265
282.5,157.482,8.76719,-14.3942
282.5,157.482,8.76767,-14.395
279.312,160.257,9.01357,-14.071
279.312,160.257,9.01405,-14.0718
277.465,163.179,9.24834,-13.9852
276.819,166.096,9.45574,-14.0651
276.819,166.096,9.45624,-14.066
276.543,169.104,9.6581,-14.1644
276.543,169.104,9.65861,-14.1652
276.179,172.151,9.85055,-14.2179
274.717,175.099,10.017,-14.0959
274.717,175.099,10.0175,-14.0967
273.462,177.603,10.1163,-14.0185
272.741,180.218,10.2386,-14.0199
272.741,180.218,10.2392,-14.0208
272.205,181.545,10.1839,-14.0372
272.205,181.545,10.1845,-14.038
271.543,182.091,10.0564,-14.0239
272.568,182.752,9.99136,-14.2407
272.568,182.752,9.99191,-14.2415
272.484,181.746,9.72304,-14.2535
272.484,181.746,9.72358,-14.2543
272.648,180.412,9.47457,-14.2965
272.907,178.56,9.20778,-14.342
272.907,178.56,9.20831,-14.3429
272.428,176.395,8.95021,-14.2756
272.428,176.395,8.95074,-14.2764
272.395,173.907,8.6925,-14.2846
272.032,171.203,8.44429,-14.2441
272.032,171.203,8.4448,-14.2449
271.632,168.516,8.23295,-14.2061
271.632,168.516,8.23346,-14.2069
270.289,165.09,7.94159,-14.042
269.776,162.199,7.76101,-14.0229
269.776,162.199,7.7615,-14.0237
269.548,159.435,7.60959,-14.0426
269.076,155.923,7.35723,-14.0186
269.076,155.923,7.3577,-14.0194
267.839,151.603,7.01529,-13.8887
267.839,151.603,7.01575,-13.8895
266.593,147.216,6.70211,-13.7784
264.583,142.385,6.35469,-13.5753
264.583,142.385,6.35511,-13.5761
262.039,137.153,5.98333,-13.329
262.039,137.153,5.98374,-13.3298
259.173,132.043,5.66241,-13.074
256.908,128.398,5.56584,-12.9363
256.908,128.398,5.56623,-12.9371
253.876,124.513,5.41057,-12.6996
253.876,124.513,5.41094,-12.7004
251.226,122.047,5.44233,-12.5422
247.834,119.031,5.35061,-12.2882
247.834,119.031,5.35096,-12.289
246.597,116.364,5.29041,-12.3621
246.597,116.364,5.29075,-12.3628
246.043,114.016,5.25301,-12.4914
246.174,111.834,5.21478,-12.6692
246.174,111.834,5.21512,-12.6699
245.542,110.031,5.20875,-12.6897
245.542,110.031,5.20908,-12.6905
244.529,109.062,5.29447,-12.6418
244.832,107.922,5.3159,-12.7768
244.832,107.922,5.31622,-12.7776
244.969,107.219,5.37534,-12.8538
244.969,107.219,5.37567,-12.8545
244.698,106.454,5.39791,-12.8529
245.521,106.002,5.44593,-13.0012
245.521,106.002,5.44625,-13.0019
246.359,105.72,5.49712,-13.1204
246.359,105.72,5.49743,-13.1211
246.569,105.374,5.51975,-13.1289
247.187,105.944,5.65867,-13.1948
247.187,105.944,5.65898,-13.1955
247.426,106.862,5.81343,-13.1982
248.477,108.08,5.97749,-13.3174
248.477,108.08,5.97781,-13.3182
249.599,109.672,6.16344,-13.4276
249.599,109.672,6.16377,-13.4284
250.187,111.729,6.38274,-13.4473
250.743,114.266,6.63417,-13.4651
250.743,114.266,6.63452,-13.4658
249.891,117.13,6.89446,-13.2897
247.15,119.247,7.01501,-12.8894
247.15,119.247,7.01537,-12.8902
242.26,122.621,7.30747,-12.2681
242.26,122.621,7.30784,-12.2689
237.114,125.778,7.5328,-11.7245
231.581,128.933,7.73735,-11.2123
231.581,128.933,7.73773,-11.213
230.474,129.564,7.57504,-11.3914
230.474,129.564,7.57543,-11.3921
227.516,129.732,7.4064,-11.2413
227.034,128.072,7.03468,-11.4382
227.034,128.072,7.03507,-11.4388
226.129,125.482,6.61991,-11.5105
226.667,122.521,6.23858,-11.7493
226.667,122.521,6.23895,-11.75
226.503,120.528,6.06322,-11.8272
226.503,120.528,6.06358,-11.8279
226.002,118.775,5.94439,-11.8323
225.291,117.203,5.86019,-11.7989
225.291,117.203,5.86054,-11.7995
225.149,116.889,5.95414,-11.8453
225.149,116.889,5.95449,-11.8459
224.321,114.238,5.68826,-11.7799
224.321,114.238,5.6886,-11.7806
222.882,111.333,5.42705,-11.6368
221.796,109.762,5.38712,-11.564
221.796,109.762,5.38745,-11.5647
222.66,107.178,5.19432,-11.7706
222.66,107.178,5.19464,-11.7713
225.7,104.408,4.99467,-12.2333
228.291,101.864,4.84496,-12.5398
228.291,101.864,4.84527,-12.5405
231.205,101.476,5.00417,-12.8392
232.387,100.666,5.05061,-12.8497
232.387,100.666,5.05091,-12.8504
233.605,99.3179,4.99597,-12.8808
233.605,99.3179,4.99626,-12.8815
234.888,98.2011,4.97009,-12.9304
235.937,98.0324,5.06784,-12.9512
235.937,98.0324,5.06813,-12.9519
236.419,98.1252,5.17072,-12.9031
236.982,97.4353,5.13443,-12.8878
236.982,97.4353,5.13473,-12.8885
237.069,96.937,5.12589,-12.8198
237.069,96.937,5.12618,-12.8205
237.964,95.6764,5.00589,-12.8869
237.964,95.6764,5.00618,-12.8876
239.226,94.094,4.85809,-12.9992
240.15,93.2072,4.82815,-13.0492
240.15,93.2072,4.82843,-13.0499
241.024,92.535,4.8243,-13.0919
241.024,92.535,4.82457,-13.0926
242.922,91.4318,4.75135,-13.2788
244.337,90.6932,4.73466,-13.3702
245.332,90.7619,4.825,-13.3967
245.332,90.7619,4.82527,-13.3975
245.332,90.7619,4.82554,-13.3982
245.813,90.6509,4.86475,-13.36
246.768,90.3546,4.86466,-13.407
246.768,90.3546,4.86493,-13.4078
248.079,90.636,4.94138,-13.5052
248.712,91.4769,5.07753,-13.4982
248.712,91.4769,5.0778,-13.4989
249.707,92.0293,5.14541,-13.5546
251.571,92.0086,5.12088,-13.7303
251.571,92.0086,5.12116,-13.7311
252.665,91.7473,5.07007,-13.7744
252.665,91.7473,5.07035,-13.7752
254.148,90.9169,4.95107,-13.8767
254.148,90.9169,4.95134,-13.8774
254.812,90.6719,4.93743,-13.8563
257.869,89.5162,4.79661,-14.1866
257.869,89.5162,4.79688,-14.1874
259.07,88.3974,4.6862,-14.205
259.07,88.3974,4.68646,-14.2058
260.532,88.2844,4.73309,-14.2729
262.174,88.1567,4.76207,-14.3672
264.135,87.7605,4.74292,-14.5027
264.135,87.7605,4.74318,-14.5035
266.06,87.5352,4.74785,-14.6231
266.06,87.5352,4.74811,-14.6239
268.674,87.6812,4.80005,-14.8331
268.674,87.6812,4.80032,-14.8339
270.62,87.5249,4.79662,-14.9263
272.856,87.9824,4.87769,-15.061
272.856,87.9824,4.87796,-15.0618
275.596,88.8067,4.99301,-15.2604
275.596,88.8067,4.99328,-15.2612
278.977,89.2222,5.02904,-15.5314
283.023,89.4464,5.03359,-15.8647
283.023,89.4464,5.03385,-15.8656
286.326,89.8558,5.06642,-16.0556
288.385,90.5763,5.13899,-16.0644
288.385,90.5763,5.13926,-16.0653
289.836,92.0748,5.30988,-16.0175
289.836,92.0748,5.31016,-16.0184
292.306,92.6823,5.32741,-16.1495
293.772,94.3175,5.49257,-16.1381
293.772,94.3175,5.49285,-16.139
295.968,95.0218,5.50274,-16.2555
295.968,95.0218,5.50303,-16.2564
297.435,95.7758,5.52757,-16.2691
298.558,95.7083,5.44113,-16.2521
298.558,95.7083,5.44142,-16.253
299.711,95.4849,5.35816,-16.2624
300.713,95.777,5.36878,-16.2654
300.713,95.777,5.36907,-16.2663
300.77,95.3143,5.2753,-16.1514
300.77,95.3143,5.27559,-16.1523
300.352,94.8081,5.197,-16.0066
300.352,94.8081,5.19728,-16.0075
299.812,94.5612,5.17108,-15.8823
299.703,93.5503,5.04214,-15.8473
298.321,93.1243,5.01869,-15.6431
298.321,93.1243,5.01897,-15.644
298.321,93.1243,5.01925,-15.6449
297.629,92.3247,4.94423,-15.5781
297.066,92.4864,5.01438,-15.5393
297.066,92.4864,5.01466,-15.5401
296.234,92.8718,5.09759,-15.4673
295.87,92.6523,5.07682,-15.4694
295.87,92.6523,5.0771,-15.4703
295.699,92.4039,5.05531,-15.4936
295.699,92.4039,5.05559,-15.4945
295.4,92.6145,5.10095,-15.4907
294.822,92.7889,5.13088,-15.4447
294.822,92.7889,5.13116,-15.4456
294.692,93.1869,5.18611,-15.4678
294.692,93.1869,5.18639,-15.4687
294.631,93.8525,5.26838,-15.492
294.464,94.5686,5.34291,-15.493
294.464,94.5686,5.34319,-15.4938
294.417,95.6409,5.45607,-15.5092
294.417,95.6409,5.45636,-15.5101
293.716,97.0597,5.60005,-15.4286
292.63,98.0395,5.66055,-15.3076
292.63,98.0395,5.66084,-15.3085
291.996,98.925,5.70478,-15.2709
291.643,99.4322,5.69593,-15.2747
291.643,99.4322,5.69623,-15.2756
290.382,100.868,5.82773,-15.146
290.382,100.868,5.82803,-15.1469
289.202,100.82,5.734,-15.0491
289.192,100.684,5.65529,-15.1269
289.192,100.684,5.65559,-15.1277
289.275,100.585,5.60366,-15.1952
287.84,99.9898,5.49643,-15.0315
287.84,99.9898,5.49673,-15.0324
286.341,100.76,5.60403,-14.8877
286.341,100.76,5.60433,-14.8886
286.443,101.808,5.72992,-14.989
286.18,102.378,5.76684,-15.0101
286.18,102.378,5.76714,-15.0109
284.97,102.699,5.7667,-14.8894
284.97,102.699,5.767,-14.8903
283.516,103.731,5.87114,-14.7531
281.956,105.574,6.07314,-14.6208
281.956,105.574,6.07346,-14.6216
281.056,107.885,6.30812,-14.5981
281.056,107.885,6.30844,-14.5989
280.689,109.634,6.42874,-14.644
280.09,112.023,6.62896,-14.6378
280.09,112.023,6.6293,-14.6386
280.365,113.614,6.69377,-14.7478
279.002,116.763,6.98092,-14.5994
279.002,116.763,6.98128,-14.6002
278.804,118.466,7.02711,-14.6392
278.804,118.466,7.02747,-14.64
278.029,120.625,7.14913,-14.5838
278.275,122.226,7.18865,-14.676
278.275,122.226,7.18902,-14.6768
277.045,124.347,7.31354,-14.5387
277.045,124.347,7.31392,-14.5395
275.082,125.992,7.36646,-14.3219
275.082,125.992,7.36684,-14.3227
272.881,125.183,7.08486,-14.108
271.971,123.628,6.77094,-14.1057
271.971,123.628,6.77131,-14.1065
272.041,121.583,6.45982,-14.2286
270.952,118.884,6.11963,-14.1531
270.952,118.884,6.11999,-14.1539
268.433,117.049,5.96237,-13.8847
268.433,117.049,5.96272,-13.8856
266.05,115.142,5.8149,-13.6786
262.676,112.688,5.60644,-13.3595
262.676,112.688,5.60677,-13.3603
259.672,109.041,5.257,-13.1383
256.687,106.382,5.09583,-12.9409
256.687,106.382,5.09615,-12.9416
255.443,104.199,5.01022,-13.0025
255.443,104.199,5.01053,-13.0033
253.56,100.516,4.70774,-12.9381
250.645,96.3563,4.37391,-12.7199
250.645,96.3563,4.3742,-12.7207
248.557,92.2509,4.08577,-12.6402
248.557,92.2509,4.08605,-12.641
248.017,87.9877,3.80053,-12.7703
247.382,84.9661,3.71063,-12.8395
247.382,84.9661,3.71089,-12.8402
245.616,82.1537,3.63199,-12.7212
245.616,82.1537,3.63223,-12.7219
244.29,79.5322,3.5616,-12.6739
241.598,75.8322,3.32191,-12.4293
241.598,75.8322,3.32214,-12.4301
239.257,72.8937,3.20552,-12.2677
239.257,72.8937,3.20574,-12.2685
237.906,70.2739,3.12471,-12.2587
235.864,66.8589,2.91742,-12.1351
235.864,66.8589,2.91762,-12.1358
234.623,63.9482,2.79193,-12.1308
233.555,61.0184,2.65768,-12.1332
233.555,61.0184,2.65786,-12.1339
232.583,58.6253,2.59512,-12.1332
232.583,58.6253,2.59529,-12.1339
231.912,57.0299,2.6272,-12.1612
231.912,57.0299,2.62737,-12.1619
232.224,55.2318,2.59745,-12.3088
233.197,53.9015,2.61506,-12.509
233.197,53.9015,2.61522,-12.5097
234.345,52.6822,2.62319,-12.6892
235.939,51.7094,2.64503,-12.8947
235.939,51.7094,2.64518,-12.8954
237.267,50.629,2.63086,-13.0261
238.828,50.0532,2.67531,-13.1704
238.828,50.0532,2.67546,-13.1711
238.828,50.0532,2.67561,-13.1719
240.447,49.5504,2.70836,-13.3046
242.014,49.062,2.7258,-13.4148
243.941,49.0776,2.80129,-13.566
243.941,49.0776,2.80143,-13.5668
246.078,49.4881,2.90983,-13.7311
248.159,49.6047,2.95077,-13.8707
248.159,49.6047,2.95092,-13.8714
249.931,49.3488,2.92922,-13.9572
249.931,49.3488,2.92937,-13.9579
252.893,49.8254,3.01294,-14.2115
252.893,49.8254,3.01309,-14.2123
256.57,50.1136,3.0524,-14.5345
260.617,51.5423,3.24397,-14.8672
260.617,51.5423,3.24413,-14.868
263.661,53.4255,3.46334,-15.0215
263.661,53.4255,3.4635,-15.0223
267.602,56.5024,3.81236,-15.3012
272.407,60.1756,4.18626,-15.6768
272.407,60.1756,4.18645,-15.6776
277.216,63.6731,4.47874,-16.0133
278.178,64.3726,4.34415,-15.7821
278.178,64.3726,4.34434,-15.783
280.994,68.9954,4.80995,-15.8954
281.557,69.9199,4.68754,-15.7013
281.557,69.9199,4.68775,-15.7021
281.669,70.1048,4.51244,-15.5118
281.669,70.1048,4.51265,-15.5127
287.458,71.8643,4.61321,-16.1761
294.023,75.9346,5.03359,-16.8363
294.023,75.9346,5.03382,-16.8372
300.08,80.7389,5.49198,-17.3268
300.08,80.7389,5.49222,-17.3277
304.813,84.9801,5.80625,-17.5764
304.813,84.9801,5.80651,-17.5773
310.261,90.0584,6.20723,-17.9227
314.235,93.8031,6.3773,-18.0401
314.235,93.8031,6.37759,-18.041
317.574,96.5645,6.41523,-18.0943
317.574,96.5645,6.41552,-18.0953
319.317,98.7778,6.40666,-17.9594
321.4,100.676,6.38969,-17.9385
321.4,100.676,6.39,-17.9394
323.069,103.093,6.47917,-17.8982
323.564,105.505,6.57733,-17.7304
323.564,105.505,6.57765,-17.7314
324.184,107.915,6.68239,-17.6391
324.184,107.915,6.68271,-17.6401
325.7,110.637,6.83594,-17.7105
327.465,113.859,7.05424,-17.8177
327.465,113.859,7.05458,-17.8187
329.264,116.736,7.20735,-17.9253
329.264,116.736,7.2077,-17.9263
330.75,119.025,7.27573,-17.9843
331.483,120.532,7.24826,-17.9422
331.483,120.532,7.24862,-17.9432
332.205,121.912,7.2343,-17.9234
332.858,123.687,7.30041,-17.9111
332.858,123.687,7.30078,-17.9121
332.954,124.527,7.24293,-17.8355
332.954,124.527,7.24331,-17.8365
332.881,124.701,7.12228,-17.7609
333.06,124.552,6.9951,-17.7427
333.06,124.552,6.99547,-17.7437
333.702,125.266,7.02497,-17.7986
333.702,125.266,7.02535,-17.7996
333.914,125.487,6.98804,-17.7878
334.391,126.284,7.04589,-17.8201
334.391,126.284,7.04627,-17.8211
334.988,127.09,7.09996,-17.868
334.988,127.09,7.10035,-17.869
334.996,128.554,7.24239,-17.8287
335.022,129.928,7.35137,-17.8032
335.022,129.928,7.35176,-17.8042
335.851,131.612,7.49212,-17.8997
335.851,131.612,7.49252,-17.9007
336.803,132.373,7.48686,-17.9975
337.615,132.844,7.45382,-18.06
337.615,132.844,7.45422,-18.061
338.901,133.43,7.4545,-18.1838
338.901,133.43,7.4549,-18.1848
339.05,134.201,7.48978,-18.1312
339.026,134.67,7.48372,-18.0719
339.026,134.67,7.48412,-18.0729
338.343,134.702,7.42585,-17.9392
337.503,134.936,7.41392,-17.8136
337.503,134.936,7.41433,-17.8146
336.694,134.609,7.33093,-17.7187
336.694,134.609,7.33134,-17.7198
336.028,134.375,7.28133,-17.6609
334.179,134.802,7.33545,-17.4443
334.179,134.802,7.33586,-17.4453
332.833,135.173,7.37248,-17.3367
332.833,135.173,7.37289,-17.3377
331.345,135.509,7.39919,-17.2219
329.012,136.463,7.50945,-17.0004
329.012,136.463,7.50986,-17.0014
328.493,136.1,7.41696,-17.0658
328.493,136.1,7.41736,-17.0668
327.108,135.081,7.25519,-16.9829
325.98,134.222,7.14894,-16.94
325.98,134.222,7.14935,-16.9409
324.933,133.777,7.12018,-16.9053
323.841,133.521,7.11957,-16.8589
323.841,133.521,7.11997,-16.8599
322.918,133.11,7.09424,-16.8348
322.918,133.11,7.09464,-16.8358
323.167,132.679,7.0678,-16.9688
323.047,132.833,7.12447,-17.0142
323.047,132.833,7.12486,-17.0152
323.21,133.056,7.17663,-17.0851
322.843,133.231,7.20962,-17.0627
322.843,133.231,7.21002,-17.0637
322.767,133.642,7.26898,-17.0834
322.767,133.642,7.26938,-17.0844
321.882,133.946,7.30192,-16.9841
321.882,133.946,7.30232,-16.9851
319.176,135.699,7.5325,-16.6469
317.636,137.615,7.743,-16.5332
317.636,137.615,7.74341,-16.5341
316.387,138.751,7.81039,-16.4725
316.387,138.751,7.8108,-16.4734
315.884,140.141,7.91045,-16.5163
315.715,141.269,7.96457,-16.5856
315.715,141.269,7.96499,-16.5866
316.258,141.719,7.9249,-16.7327
315.399,141.911,7.86765,-16.647
315.399,141.911,7.86807,-16.6479
314.583,142.067,7.82599,-16.5815
314.583,142.067,7.82641,-16.5824
313.615,142.109,7.78338,-16.5026
312.171,143.385,7.92679,-16.3658
312.171,143.385,7.92723,-16.3667
310.988,144.855,8.0741,-16.2862
309.668,146.784,8.26331,-16.1933
309.668,146.784,8.26375,-16.1942
309.324,149.14,8.485,-16.2461
309.324,149.14,8.48545,-16.2471
308.697,151.555,8.68424,-16.239
307.64,153.947,8.8564,-16.1639
307.64,153.947,8.85686,-16.1648
306.817,156.206,8.99479,-16.1295
306.817,156.206,8.99526,-16.1305
304.641,159.315,9.24491,-15.9042
303.867,162.335,9.45398,-15.9098
303.867,162.335,9.45447,-15.9107
303.404,166.084,9.74833,-15.9467
303.404,166.084,9.74883,-15.9476
303.483,169.014,9.8962,-16.0421
304.282,171.572,9.99148,-16.2105
304.282,171.572,9.992,-16.2114
304.869,173.434,9.99972,-16.312
305.149,174.427,9.91147,-16.3483
305.149,174.427,9.91199,-16.3492
305.687,175.213,9.83649,-16.4153
305.687,175.213,9.83702,-16.4162
306.403,175.827,9.77189,-16.4958
306.403,175.827,9.77242,-16.4968
306.506,176.934,9.80522,-16.4776
306.622,177.725,9.80075,-16.4679
306.622,177.725,9.80128,-16.4688
306.622,177.725,9.80181,-16.4697
306.829,178.156,9.76029,-16.4776
306.829,178.156,9.76082,-16.4785
306.503,178.703,9.75476,-16.4127
306.503,178.703,9.75529,-16.4136
305.788,179.611,9.80988,-16.3087
305.529,180.422,9.84819,-16.2885
305.529,180.422,9.84873,-16.2894
305.516,181.566,9.93453,-16.3061
305.516,181.566,9.93508,-16.3071
305.637,183.089,10.0656,-16.3376
305.51,184.098,10.108,-16.3264
305.51,184.098,10.1085,-16.3273
305.579,185.02,10.1414,-16.3452
305.04,185.31,10.0898,-16.274
305.04,185.31,10.0903,-16.2749
304.371,185.026,9.9785,-16.199
304.371,185.026,9.97905,-16.1999
304.14,184.501,9.86275,-16.1983
303.319,184.28,9.8164,-16.1114
303.319,184.28,9.81695,-16.1123
302.697,183.962,9.76759,-16.0674
301.858,183.504,9.70891,-15.9965
301.858,183.504,9.70946,-15.9974
301.532,183.669,9.74894,-16.0072
301.532,183.669,9.74949,-16.0081
300.793,183.699,9.76086,-15.9525
300.793,183.699,9.76141,-15.9534
299.961,184.041,9.81363,-15.8907
298.697,184.489,9.87031,-15.7741
298.697,184.489,9.87087,-15.775
297.688,185.193,9.95325,-15.7103
297.09,185.959,10.0304,-15.7078
297.09,185.959,10.031,-15.7087
296.905,186.803,10.1075,-15.7561
296.905,186.803,10.1081,-15.757
296.902,187.398,10.1396,-15.8131
296.635,188.073,10.182,-15.8155
296.635,188.073,10.1825,-15.8164
296.679,188.166,10.1411,-15.858
296.933,188.119,10.094,-15.9175
296.933,188.119,10.0946,-15.9184
297.512,187.861,10.0314,-16.0095
297.512,187.861,10.032,-16.0104
297.753,188.408,10.097,-16.0359
297.838,188.287,10.0571,-16.0357
297.838,188.287,10.0577,-16.0366
298.635,187.579,9.94614,-16.1378
298.635,187.579,9.9467,-16.1387
299.717,185.957,9.73011,-16.2616
299.146,183.939,9.49886,-16.1327
299.146,183.939,9.49942,-16.1336
298.256,181.711,9.27809,-15.9905
298.256,181.711,9.27863,-15.9914
297.616,179.766,9.13001,-15.9129
297.487,179.377,9.21482,-15.9205
297.487,179.377,9.21536,-15.9214
297.462,179.299,9.31263,-15.9393
297.462,179.299,9.31317,-15.9402
297.457,179.283,9.38896,-15.9556
297.456,179.28,9.44369,-15.9671
297.456,179.28,9.44423,-15.9679
297.064,181.009,9.72506,-15.9216
297.064,181.009,9.7256,-15.9225
296.194,183.329,10.0312,-15.8174
295.135,186.666,10.4223,-15.7047
295.135,186.666,10.4229,-15.7056
294.436,190.506,10.8174,-15.6614
293.619,193.722,11.0639,-15.6036
293.619,193.722,11.0645,-15.6045
292.983,195.875,11.1368,-15.5775
292.983,195.875,11.1374,-15.5784
292.856,196.306,10.9793,-15.6215
292.831,196.392,10.827,-15.6642
292.831,196.392,10.8276,-15.6651
292.825,196.41,10.7128,-15.6977
292.825,196.41,10.7134,-15.6986
292.824,196.413,10.6316,-15.7222
294.989,195.269,10.4139,-16.0421
294.989,195.269,10.4145,-16.043
297.603,194.717,10.328,-16.3627
297.603,194.717,10.3285,-16.3636
297.475,195.576,10.4574,-16.243
297.63,195.118,10.3763,-16.1965
297.63,195.118,10.3769,-16.1974
298.568,195.224,10.3924,-16.2769
299.889,195.307,10.4018,-16.4008
299.889,195.307,10.4023,-16.4017
301.356,196.469,10.5614,-16.5288
301.356,196.469,10.562,-16.5297
301.572,198.579,10.8238,-16.4659
302.826,200.678,11.0372,-16.5699
302.826,200.678,11.0378,-16.5708
304.772,200.857,10.95,-16.7598
304.772,200.857,10.9506,-16.7607
306.002,201.788,10.9975,-16.822
305.463,202.197,10.9712,-16.6361
305.463,202.197,10.9718,-16.637
305.405,202.406,10.9318,-16.5664
306.009,201.241,10.7147,-16.6091
306.009,201.241,10.7153,-16.61
306.244,201.844,10.7937,-16.5976
306.244,201.844,10.7943,-16.5985
306.679,202.915,10.9237,-16.6216
306.679,202.915,10.9244,-16.6225
306.587,203.409,10.9506,-16.5715
305.601,203.984,10.9878,-16.4098
305.601,203.984,10.9884,-16.4107
304.332,204.746,11.0494,-16.2432
304.332,204.746,11.05,-16.2441
303.857,205.413,11.0911,-16.2194
304.201,204.511,10.9104,-16.3098
304.201,204.511,10.911,-16.3107
304.476,204.285,10.8658,-16.3698
304.476,204.285,10.8664,-16.3707
303.775,203.843,10.8014,-16.2798
302.411,203.622,10.7802,-16.1132
302.411,203.622,10.7808,-16.1141
301.654,202.504,10.6373,-16.0622
300.522,201.677,10.5611,-15.9623
300.522,201.677,10.5617,-15.9632
299.566,201.049,10.524,-15.9012
299.566,201.049,10.5246,-15.9021
299.094,200.842,10.5479,-15.9123
298.655,200.595,10.5556,-15.9173
298.655,200.595,10.5562,-15.9182
298.145,200.352,10.5586,-15.9055
296.959,200.084,10.5535,-15.7945
296.959,200.084,10.5541,-15.7954
296.262,199.254,10.4678,-15.7687
296.262,199.254,10.4684,-15.7696
294.989,198.563,10.4153,-15.66
293.588,197.589,10.3282,-15.5466
293.588,197.589,10.3288,-15.5475
292.706,196.485,10.2353,-15.52
292.706,196.485,10.2359,-15.5209
292.282,195.132,10.1192,-15.5528
291.778,194.025,10.0518,-15.5577
291.778,194.025,10.0523,-15.5586
291.065,192.889,9.98468,-15.5256
291.085,191.55,9.89207,-15.5947
291.085,191.55,9.89264,-15.5956
290.143,190.433,9.83895,-15.5099
290.143,190.433,9.83952,-15.5107
289.488,189.438,9.80236,-15.4769
289.488,189.438,9.80292,-15.4778
288.703,188.189,9.72666,-15.4263
287.247,186.868,9.64469,-15.2849
287.247,186.868,9.64525,-15.2858
286.105,185.296,9.53293,-15.2093
284.558,183.736,9.43262,-15.0821
284.558,183.736,9.43317,-15.0829
282.083,182.763,9.42191,-14.841
282.083,182.763,9.42246,-14.8418
281.485,182.32,9.47434,-14.8983
281.485,182.32,9.47488,-14.8991
280.884,182.643,9.61204,-14.9297
281.063,183.431,9.77805,-15.0514
281.063,183.431,9.7786,-15.0523
281.215,184.625,9.96379,-15.1366
280.486,185.877,10.1195,-15.0748
280.486,185.877,10.12,-15.0757
280.007,186.581,10.1712,-15.0569
280.007,186.581,10.1718,-15.0577
278.916,187.467,10.2439,-14.9519
278.057,187.483,10.186,-14.8941
278.057,187.483,10.1866,-14.895
277.106,187.149,10.0975,-14.829
277.106,187.149,10.0981,-14.8299
276.086,187.044,10.0629,-14.76
275.365,186.739,10.0088,-14.7379
275.365,186.739,10.0094,-14.7388
274.743,187.03,10.0507,-14.7265
274.743,187.03,10.0512,-14.7273
274.432,187.344,10.0878,-14.7534
275.328,187.232,10.0587,-14.9361
275.328,187.232,10.0593,-14.9369
274.765,187.109,10.0358,-14.8742
274.765,187.109,10.0364,-14.875
274.292,186.769,9.98796,-14.8356
273.709,186.322,9.93403,-14.7857
273.709,186.322,9.93459,-14.7865
272.75,185.695,9.8652,-14.6906
272.186,184.875,9.78035,-14.6644
272.186,184.875,9.7809,-14.6652
270.859,184.667,9.79501,-14.5319
270.859,184.667,9.79556,-14.5327
269.921,184.468,9.80374,-14.4742
268.667,184.562,9.84783,-14.3753
268.667,184.562,9.84838,-14.3761
267.304,184.966,9.92397,-14.2729
266.62,185.171,9.95542,-14.2754
266.62,185.171,9.95598,-14.2762
264.354,186.46,10.1329,-14.0467
264.354,186.46,10.1335,-14.0475
263.038,187.54,10.2476,-13.9859
263.038,187.54,10.2482,-13.9867
260.778,188.658,10.3498,-13.792
258.629,188.928,10.3191,-13.6376
258.629,188.928,10.3197,-13.6384
258.385,188.237,10.1678,-13.7649
257.374,187.76,10.0815,-13.7427
257.374,187.76,10.082,-13.7435
255.376,187.592,10.0577,-13.5748
255.376,187.592,10.0583,-13.5756
252.858,187.67,10.0734,-13.355
249.989,188.189,10.1469,-13.1139
249.989,188.189,10.1475,-13.1147
247.202,189.183,10.2735,-12.9145
247.202,189.183,10.2741,-12.9152
245.245,189.113,10.2284,-12.8498
244.99,188.26,10.086,-13.013
244.99,188.26,10.0865,-13.0138
244.686,188.043,10.0633,-13.1177
245.436,187.831,10.0446,-13.3336
245.436,187.831,10.0451,-13.3343
245.763,187.52,10.0152,-13.4378
245.763,187.52,10.0157,-13.4385
244.415,187.473,10.0272,-13.2815
244.415,187.473,10.0278,-13.2823
243.253,187.645,10.0659,-13.1783
242.856,187.533,10.0556,-13.1955
242.856,187.533,10.0562,-13.1962
242.728,187.957,10.1225,-13.2403
242.728,187.957,10.123,-13.241
241.85,188.4,10.1786,-13.165
241.96,188.692,10.2033,-13.2372
241.96,188.692,10.2039,-13.238
241.73,189.042,10.2337,-13.2427
241.944,188.707,10.1642,-13.305
241.944,188.707,10.1648,-13.3057
241.898,188.169,10.0828,-13.3163
241.898,188.169,10.0834,-13.3171
242.405,187.673,10.024,-13.4016
241.975,187.224,9.98161,-13.3372
241.975,187.224,9.98217,-13.3379
241.172,187.005,9.97835,-13.2345
241.172,187.005,9.97891,-13.2353
240.677,186.865,9.98409,-13.1941
240.169,186.642,9.97405,-13.1563
240.169,186.642,9.97461,-13.157
239.618,186.292,9.9468,-13.1172
239.618,186.292,9.94736,-13.1179
239.639,185.901,9.91687,-13.1619
239.628,185.668,9.91205,-13.1889
238.8,184.824,9.8199,-13.0933
238.8,184.824,9.82046,-13.094
237.871,183.841,9.72389,-13.0008
237.871,183.841,9.72444,-13.0016
236.022,182.31,9.56557,-12.7938
233.227,180.505,9.39317,-12.4884
233.227,180.505,9.39371,-12.4891
230.558,178.264,9.18505,-12.2514
230.558,178.264,9.18559,-12.252
228.405,176.479,9.06994,-12.118
226.512,174.057,8.87327,-12.0283
226.512,174.057,8.87379,-12.029
224.041,171.541,8.68673,-11.8571
224.041,171.541,8.68724,-11.8578
221.524,169.136,8.53418,-11.6942
220.147,166.9,8.41473,-11.7019
220.147,166.9,8.41524,-11.7025
218.816,165.049,8.35229,-11.6938
218.816,165.049,8.35279,-11.6944
217.761,163.879,8.3763,-11.7072
217.208,163.013,8.41801,-11.7707
217.208,163.013,8.4185,-11.7714
216.851,162.39,8.46875,-11.8352
216.851,162.39,8.46924,-11.8359
216.427,161.579,8.46897,-11.8659
216.319,161.09,8.50183,-11.9252
216.319,161.09,8.50231,-11.9258
216.413,161.561,8.65264,-11.9941
216.045,161.875,8.74291,-11.9789
216.045,161.875,8.74339,-11.9795
215.548,162.314,8.82905,-11.9453
215.548,162.314,8.82954,-11.9459
215.315,162.288,8.83109,-11.9518
215.14,162.736,8.89832,-11.9608
215.14,162.736,8.89881,-11.9614
214.437,163.23,8.95918,-11.8913
214.437,163.23,8.95967,-11.892
213.607,163.437,8.96925,-11.8148
213.607,163.437,8.96974,-11.8154
213.213,163.219,8.92033,-11.81
212.836,163.343,8.93029,-11.8031
212.836,163.343,8.93078,-11.8037
212.797,163.783,8.98416,-11.8406
212.797,163.783,8.98465,-11.8412
212.891,163.824,8.97282,-11.8854
213.323,163.794,8.95545,-11.9652
213.711,163.853,8.95544,-12.0215
213.711,163.853,8.95593,-12.0222
213.82,163.425,8.88869,-12.0285
213.82,163.425,8.88918,-12.0292
213.948,163.44,8.89792,-12.0381
213.948,163.44,8.89841,-12.0388
214.436,163.242,8.87514,-12.0976
215.173,163.498,8.91943,-12.1811
215.173,163.498,8.91992,-12.1817
215.49,163.712,8.94919,-12.1927
215.49,163.712,8.94968,-12.1933
215.721,163.744,8.94796,-12.1939
215.158,163.86,8.95916,-12.0868
215.158,163.86,8.95966,-12.0874
214.702,164.008,8.97383,-12.0191
214.702,164.008,8.97432,-12.0198
214.54,164.332,9.01122,-12.0066
214.33,164.624,9.03771,-11.9883
214.33,164.624,9.0382,-11.9889
214.621,164.739,9.03636,-12.0433
214.13,165.145,9.07786,-11.9765
214.13,165.145,9.07836,-11.9771
214.156,165.24,9.06993,-11.9956
214.156,165.24,9.07043,-11.9962
213.681,165.47,9.08511,-11.9396
213.526,165.485,9.06884,-11.9377
213.526,165.485,9.06934,-11.9384
213.285,165.614,9.07424,-11.923
213.285,165.614,9.07473,-11.9236
212.975,165.731,9.0786,-11.8997
212.787,165.691,9.06125,-11.8956
212.787,165.691,9.06174,-11.8963
213.059,165.656,9.04983,-11.9552
213.059,165.656,9.05033,-11.9558
213.493,166.018,9.09729,-12.024
214.13,165.832,9.05894,-12.1069
214.13,165.832,9.05944,-12.1075
214.744,166.025,9.08293,-12.172
214.744,166.025,9.08343,-12.1726
215.549,165.963,9.06741,-12.254
216.214,165.792,9.04002,-12.3035
216.214,165.792,9.04051,-12.3042
216.484,165.416,8.99025,-12.2938
217.134,164.928,8.93394,-12.344
217.134,164.928,8.93444,-12.3446
217.32,164.522,8.89919,-12.3247
217.32,164.522,8.89969,-12.3254
217.417,164.246,8.88734,-12.302
217.616,163.614,8.82498,-12.3015
217.616,163.614,8.82547,-12.3022
219.7,163.121,8.79181,-12.569
220.102,163.139,8.83264,-12.5516
220.102,163.139,8.83313,-12.5523
220.429,163.465,8.90518,-12.536
220.429,163.465,8.90567,-12.5366
220.394,164.024,8.9938,-12.4796
220.394,164.024,8.99429,-12.4802
220.172,164.301,9.02498,-12.4138
220.27,164.361,9.02043,-12.4089
220.27,164.361,9.02093,-12.4096
220.268,164.365,9.01085,-12.3939
219.966,164.227,8.9842,-12.3411
219.966,164.227,8.98469,-12.3417
219.839,164.049,8.95857,-12.3248
219.757,163.968,8.95131,-12.3178
219.757,163.968,8.95181,-12.3184
219.052,163.278,8.86029,-12.2251
219.052,163.278,8.86078,-12.2258
218.744,163.213,8.87408,-12.2057
218.744,163.213,8.87457,-12.2064
218.823,163.056,8.87027,-12.242
218.24,162.744,8.8432,-12.1757
218.24,162.744,8.84369,-12.1763
217.943,161.974,8.75618,-12.1614
217.481,161.271,8.69289,-12.1237
217.481,161.271,8.69338,-12.1243
216.662,159.967,8.55445,-12.041
216.662,159.967,8.55493,-12.0417
215.723,158.472,8.41168,-11.9546
214.576,156.878,8.27509,-11.8506
214.576,156.878,8.27556,-11.8512
213.319,155.315,8.16055,-11.7461
213.319,155.315,8.16102,-11.7468
212.993,153.784,8.0618,-11.7848
212.484,152.242,7.96782,-11.7811
212.484,152.242,7.96828,-11.7817
212.338,150.691,7.87838,-11.8224
212.338,150.691,7.87883,-11.823
212.978,150.074,7.92349,-11.9596
211.196,149.087,7.89378,-11.726
211.196,149.087,7.89422,-11.7266
208.861,147.725,7.8063,-11.459
206.535,146.153,7.69493,-11.2382
206.535,146.153,7.69537,-11.2389
204.587,143.838,7.4901,-11.1025
204.587,143.838,7.49053,-11.1031
203.28,141.029,7.24296,-11.0682
201.531,138.541,7.0727,-10.9626
201.531,138.541,7.07312,-10.9632
199.768,135.86,6.88958,-10.8612
199.768,135.86,6.88999,-10.8618
197.289,133.486,6.76445,-10.6639
195.22,130.969,6.62105,-10.5458
195.22,130.969,6.62145,-10.5464
193.407,127.985,6.41812,-10.4686
193.407,127.985,6.4185,-10.4692
192.107,125.509,6.30251,-10.4597
190.785,122.931,6.17008,-10.4305
190.785,122.931,6.17045,-10.4311
189.437,120.924,6.11909,-10.3874
188.67,119.436,6.12581,-10.4181
188.67,119.436,6.12617,-10.4187
187.784,118.05,6.123,-10.4122
187.784,118.05,6.12336,-10.4127
187.432,117.321,6.19235,-10.4698
186.681,116.774,6.25528,-10.4488
186.681,116.774,6.25563,-10.4494
186.067,116.77,6.36769,-10.4426
186.067,116.77,6.36804,-10.4432
185.618,117.022,6.48225,-10.4527
185.618,117.022,6.4826,-10.4532
185.464,117.649,6.61907,-10.4946
184.933,118.637,6.77458,-10.4686
184.933,118.637,6.77494,-10.4691
185.01,119.034,6.81596,-10.5282
185.291,119.719,6.89102,-10.5995
185.291,119.719,6.89138,-10.6
186.042,120.53,6.97203,-10.7202
186.042,120.53,6.97239,-10.7207
186.07,121.287,7.0335,-10.715
186.685,121.634,7.03043,-10.7936
186.685,121.634,7.0308,-10.7942
187.578,121.87,7.01839,-10.8977
187.578,121.87,7.01876,-10.8982
187.84,122.356,7.04867,-10.8959
188.58,122.929,7.08925,-10.9653
189.264,123.32,7.10086,-11.0173
189.482,123.939,7.14695,-10.9988
189.482,123.939,7.14732,-10.9994
189.773,124.728,7.21269,-11.0002
190.377,125.147,7.21866,-11.049
190.377,125.147,7.21903,-11.0496
191.231,125.353,7.19975,-11.1281
191.231,125.353,7.20013,-11.1286
192.209,125.133,7.13013,-11.2139
193.114,124.731,7.05253,-11.2782
193.114,124.731,7.05291,-11.2788
194.5,124.194,6.97373,-11.405
196.332,124.482,7.02593,-11.5766
196.332,124.482,7.02631,-11.5772
197.983,124.772,7.06757,-11.6997
197.983,124.772,7.06795,-11.7003
199.939,125.616,7.17874,-11.8538
201.032,126.907,7.33172,-11.8699
201.032,126.907,7.3321,-11.8705
203.154,128.577,7.51184,-12.0423
203.154,128.577,7.51222,-12.0429
205.93,129.714,7.58837,-12.2868
205.93,129.714,7.58876,-12.2875
208.009,131.362,7.73101,-12.4024
209.934,132.578,7.79478,-12.4927
209.934,132.578,7.79518,-12.4933
211.299,133.592,7.83002,-12.5073
211.299,133.592,7.83042,-12.508
212.169,134.076,7.79582,-12.469
213.981,135.039,7.84606,-12.5868
213.981,135.039,7.84647,-12.5875
216.17,136.053,7.90344,-12.7502
219.167,137.594,8.03243,-13.0102
219.167,137.594,8.03284,-13.0109
221.248,138.508,8.05853,-13.1098
221.248,138.508,8.05895,-13.1104
224.439,139.652,8.12288,-13.3666
228.01,140.922,8.20271,-13.6471
228.01,140.922,8.20313,-13.6478
230.525,142.443,8.31325,-13.7502
230.525,142.443,8.31368,-13.7509
234.128,143.707,8.37786,-14.0127
237.513,144.587,8.38806,-14.2198
237.513,144.587,8.38849,-14.2205
239.912,145.738,8.44686,-14.2784
239.912,145.738,8.4473,-14.2791
242.536,146.085,8.39303,-14.3873
245.075,146.692,8.39675,-14.4908
245.075,146.692,8.39719,-14.4916
247.343,147.763,8.47393,-14.5643
247.343,147.763,8.47437,-14.5651
249.821,149.913,8.69542,-14.6796
252.942,151.407,8.7908,-14.8872
252.942,151.407,8.79126,-14.888
255.797,153.031,8.89867,-15.0433
255.797,153.031,8.89913,-15.044
259.049,154.587,8.9893,-15.2512
261.257,155.835,9.03274,-15.2992
261.257,155.835,9.03321,-15.3
262.483,157.095,9.08426,-15.2293
262.483,157.095,9.08473,-15.2301
263.691,157.797,9.06139,-15.197
264.752,158.319,9.03046,-15.1714
264.752,158.319,9.03093,-15.1722
264.539,159.007,9.04046,-14.9921
264.683,159.365,9.01144,-14.9131
264.683,159.365,9.01192,-14.9139
264.828,159.63,8.9841,-14.861
264.828,159.63,8.98458,-14.8618
264.62,159.977,8.98073,-14.778
264.373,160.965,9.0731,-14.7108
264.373,160.965,9.07359,-14.7116
264.137,161.618,9.10638,-14.6628
264.157,162.114,9.11718,-14.6611
264.157,162.114,9.11767,-14.6618
263.898,162.612,9.13315,-14.6221
263.898,162.612,9.13364,-14.6229
263.72,163.233,9.16937,-14.6028
263.72,163.233,9.16986,-14.6036
263.704,163.988,9.22304,-14.6098
263.923,164.727,9.26956,-14.647
263.923,164.727,9.27005,-14.6477
263.326,165.678,9.34341,-14.563
262.225,166.57,9.40097,-14.4246
262.225,166.57,9.40147,-14.4254
261.67,167.988,9.52894,-14.3885
261.67,167.988,9.52944,-14.3893
260.938,169.761,9.68986,-14.3307
259.869,171.742,9.858,-14.2317
259.869,171.742,9.85852,-14.2325
258.492,174.263,10.0816,-14.1042
257.644,176.923,10.2953,-14.0682
257.644,176.923,10.2958,-14.0689
258.213,179.283,10.4435,-14.2295
258.213,179.283,10.4441,-14.2302
259.214,181.878,10.6158,-14.412
260.303,184.464,10.7739,-14.5667
260.303,184.464,10.7744,-14.5675
261.427,186.836,10.8941,-14.6973
261.427,186.836,10.8947,-14.6981
261.363,187.876,10.8278,-14.6397
263.999,186.554,10.4659,-14.9762
263.999,186.554,10.4665,-14.977
264.534,186.156,10.3229,-14.9581
263.381,187.286,10.4305,-14.7168
263.381,187.286,10.4311,-14.7175
263,188.426,10.5251,-14.6398
263,188.426,10.5256,-14.6406
262.952,190.105,10.684,-14.6272
263.442,191.943,10.8426,-14.6926
263.442,191.943,10.8432,-14.6934
261.952,193.724,10.9739,-14.4697
261.952,193.724,10.9745,-14.4704
259.682,196.051,11.1693,-14.1825
257.36,197.928,11.2777,-13.9398
257.36,197.928,11.2783,-13.9406
254.815,199.821,11.3849,-13.7049
251.216,202.357,11.578,-13.3544
251.216,202.357,11.5786,-13.3551
250.496,202.864,11.468,-13.4591
250.496,202.864,11.4686,-13.4598
250.352,202.965,11.3422,-13.6027
250.352,202.965,11.3428,-13.6034
250.352,202.965,11.3434,-13.6042
250.324,202.985,11.2453,-13.7183
250.324,202.985,11.2459,-13.7191
250.318,202.989,11.1754,-13.802
250.318,202.989,11.176,-13.8028
250.317,202.99,11.1264,-13.8616
249.901,200.491,10.7419,-13.8449
249.901,200.491,10.7426,-13.8457
248.238,198.939,10.5686,-13.6534
248.238,198.939,10.5692,-13.6542
249.434,195.734,10.193,-13.8951
245.296,196.281,10.4071,-13.3352
245.296,196.281,10.4077,-13.3359
244.468,196.391,10.5046,-13.3456
244.468,196.391,10.5052,-13.3463
241.368,197.101,10.6591,-13.0226
240.747,197.244,10.698,-13.097
240.747,197.244,10.6986,-13.0977
238.853,196.624,10.6215,-12.9622
238.853,196.624,10.6221,-12.9629
235.784,196.635,10.6474,-12.6756
235.17,196.638,10.6641,-12.7723
235.17,196.638,10.6647,-12.773
235.048,196.638,10.6764,-12.9004
235.023,196.638,10.6847,-13.0018
235.023,196.638,10.6853,-13.0025
235.018,196.638,10.6913,-13.076
235.018,196.638,10.6919,-13.0767
235.017,196.638,10.6963,-13.1288
235.017,196.638,10.6995,-13.1656
235.017,196.638,10.7001,-13.1664
235.017,196.638,10.7025,-13.1924
235.017,196.638,10.7031,-13.1931
235.017,196.638,10.705,-13.2115
235.017,196.638,10.7065,-13.2246
235.017,196.638,10.7071,-13.2253
235.017,196.638,10.7083,-13.2347
235.017,196.638,10.7089,-13.2354
235.017,196.638,10.7099,-13.2421
235.017,196.638,10.7108,-13.2471
235.017,196.638,10.7114,-13.2478
235.017,196.638,10.7122,-13.2515
235.017,196.638,10.713,-13.2543
235.017,196.638,10.7136,-13.255
235.017,196.638,10.7143,-13.2571
235.017,196.638,10.7148,-13.2579
235.017,196.638,10.7155,-13.2596
235.017,196.638,10.7162,-13.261
235.017,196.638,10.7167,-13.2617
235.017,196.638,10.7174,-13.2629
235.017,196.638,10.718,-13.2636
235.017,196.638,10.7186,-13.2647
235.017,196.638,10.7192,-13.2654
235.017,196.638,10.7198,-13.2663
235.017,196.638,10.7204,-13.267
235.017,196.638,10.721,-13.2679
235.017,196.638,10.7216,-13.2686
235.017,196.638,10.7222,-13.2694
235.017,196.638,10.7227,-13.2702
235.017,196.638,10.7233,-13.2709
235.017,196.638,10.7239,-13.2717
235.017,196.638,10.7245,-13.2724
235.017,196.638,10.7251,-13.2731
234.997,199.178,11.0813,-13.2711
234.997,199.178,11.0819,-13.2718
235.594,201.941,11.4008,-13.3566
235.344,206.536,11.922,-13.3066
235.344,206.536,11.9226,-13.3073
235.58,211.145,12.3586,-13.3368
235.58,211.145,12.3593,-13.3375
237.842,215.444,12.6905,-13.6456
240.38,218.453,12.8063,-13.9339
240.38,218.453,12.8069,-13.9347
244.434,220.864,12.8498,-14.3872
244.434,220.864,12.8504,-14.3879
248.7,222.394,12.7934,-14.7953
254.062,223.815,12.7613,-15.2981
254.062,223.815,12.762,-15.2988
259.958,225.025,12.7315,-15.8064
264.401,225.681,12.651,-16.0468
264.401,225.681,12.6517,-16.0476
267.982,225.026,12.4218,-16.1622
267.982,225.026,12.4225,-16.163
268.699,224.895,12.3253,-15.8961
274.081,226.892,12.5534,-16.3735
274.081,226.892,12.5541,-16.3743
279.079,230.401,12.9557,-16.7357
279.079,230.401,12.9564,-16.7365
281.722,232.197,13.0506,-16.735
281.722,232.197,13.0513,-16.7359
284.587,232.042,12.8711,-16.8058
288.567,231.72,12.7195,-17.054
288.567,231.72,12.7202,-17.0549
292.532,233.651,12.9249,-17.2866
292.532,233.651,12.9256,-17.2875
295.477,234.349,12.9254,-17.3667
297.113,235.563,13.0083,-17.2832
297.113,235.563,13.009,-17.2841
298.987,236.983,13.1142,-17.2838
300.62,238.861,13.2735,-17.2782
300.62,238.861,13.2743,-17.2791
302.913,239.788,13.281,-17.3924
302.913,239.788,13.2817,-17.3934
302.913,239.788,13.2824,-17.3943
305.389,242.403,13.5376,-17.534
305.389,242.403,13.5384,-17.5349
308.446,244.595,13.6972,-17.7513
311.315,246.989,13.8699,-17.9226
311.315,246.989,13.8706,-17.9236
313.141,248.562,13.9125,-17.9408
313.141,248.562,13.9133,-17.9417
314.618,249.911,13.9351,-17.9326
314.618,249.911,13.9359,-17.9336
314.82,251.081,13.9467,-17.7712
315.221,251.852,13.9161,-17.6887
314.373,253.509,14.0305,-17.4623
314.373,253.509,14.0313,-17.4632
313.306,254.891,14.0979,-17.2617
313.306,254.891,14.0987,-17.2626
311.509,255.722,14.0892,-17.0037
311.509,255.722,14.09,-17.0046
309.383,255.779,13.9876,-16.7506
307.828,256.07,13.9498,-16.621
307.828,256.07,13.9506,-16.6219
307.58,256.37,13.9301,-16.6912
306.756,257.835,14.0834,-16.6556
306.756,257.835,14.0842,-16.6566
305.414,260.222,14.3429,-16.5471
305.414,260.222,14.3437,-16.548
305.314,261.698,14.4333,-16.6254
305.004,262.472,14.4202,-16.6489
305.004,262.472,14.421,-16.6498
304.485,263.785,14.4991,-16.6326
304.485,263.785,14.4998,-16.6335
304.204,265.479,14.6277,-16.6473
304.372,267.23,14.7509,-16.7158
304.372,267.23,14.7517,-16.7168
305.312,268.904,14.8537,-16.8757
305.312,268.904,14.8545,-16.8766
305.543,269.438,14.7916,-16.9029
304.793,270.658,14.8518,-16.7878
304.793,270.658,14.8526,-16.7887
305.311,271.832,14.907,-16.8746
305.874,272.019,14.8247,-16.949
305.874,272.019,14.8255,-16.95
306.911,272.144,14.7622,-17.0772
306.911,272.144,14.763,-17.0781
309.523,271.805,14.656,-17.4035
311.438,271.836,14.6279,-17.5733
311.438,271.836,14.6287,-17.5742
315.011,271.57,14.5682,-17.954
315.011,271.57,14.5691,-17.9549
317.829,270.804,14.4531,-18.1691
321.413,270.938,14.4864,-18.4688
321.413,270.938,14.4872,-18.4697
324.88,272.102,14.6572,-18.7172
327.876,272.568,14.6961,-18.8767
327.876,272.568,14.6969,-18.8777
329.042,273.341,14.7744,-18.7785
329.042,273.341,14.7753,-18.7795
330.038,275.441,15.027,-18.704
329.676,276.194,15.0466,-18.4764
329.676,276.194,15.0474,-18.4773
327.835,277.056,15.0878,-18.1057
327.835,277.056,15.0887,-18.1067
326.589,277.788,15.1119,-17.9025
324.999,276.035,14.7915,-17.693
324.999,276.035,14.7924,-17.694
323.924,274.252,14.5378,-17.5959
323.924,274.252,14.5386,-17.5969
323.466,271.849,14.2472,-17.5988
321.305,268.968,13.9405,-17.3551
321.305,268.968,13.9413,-17.3561
319.136,266.082,13.6829,-17.1523
316.894,263.626,13.5191,-16.9671
316.894,263.626,13.5199,-16.9681
314.499,260.928,13.3347,-16.7837
314.499,260.928,13.3355,-16.7846
310.554,260.142,13.4334,-16.4029
308.24,258.648,13.3913,-16.3052
308.24,258.648,13.3921,-16.3061
306.743,256.606,13.2636,-16.3176
306.743,256.606,13.2644,-16.3185
306.457,253.994,13.0643,-16.4739
307.045,251.137,12.8509,-16.701
307.045,251.137,12.8516,-16.702
307.163,250.565,12.9796,-16.8042
307.163,250.565,12.9804,-16.8051
307.186,250.451,13.1257,-16.8656
307.191,250.428,13.2387,-16.9059
307.191,250.428,13.2394,-16.9068
307.192,250.423,13.321,-16.9348
307.192,250.423,13.3217,-16.9357
310.033,248.172,13.0644,-17.3532
313.241,247.161,13.0243,-17.7398
313.241,247.161,13.0251,-17.7407
315.075,245.933,12.9518,-17.8674
316.456,242.22,12.5343,-17.9204
316.456,242.22,12.535,-17.9214
317.135,240.679,12.4915,-17.8812
317.135,240.679,12.4922,-17.8822
316.497,238.015,12.2815,-17.6801
318.655,234.839,12.0226,-17.9209
318.655,234.839,12.0233,-17.9219
320.18,235.618,12.3483,-18.0343
320.18,235.618,12.349,-18.0353
322.014,236.892,12.6578,-18.1806
320.901,235.668,12.5435,-17.8974
320.901,235.668,12.5442,-17.8984
320.678,235.423,12.5832,-17.8084
320.633,235.374,12.6344,-17.7673
320.633,235.374,12.6351,-17.7683
320.624,235.365,12.6759,-17.7442
320.624,235.365,12.6766,-17.7451
320.623,235.363,12.7063,-17.7294
320.622,235.362,12.7275,-17.7188
320.622,235.362,12.7282,-17.7198
320.622,235.362,12.7433,-17.7127
320.622,235.362,12.7441,-17.7137
320.622,235.362,12.7548,-17.709
320.622,235.362,12.7626,-17.706
320.622,235.362,12.7633,-17.707
320.622,235.362,12.769,-17.7052
320.622,235.362,12.7697,-17.7062
320.622,235.362,12.7738,-17.7052
320.622,235.362,12.777,-17.7048
320.622,235.362,12.7777,-17.7058
320.622,235.362,12.7801,-17.7058
320.622,235.362,12.7808,-17.7068
320.622,235.362,12.7827,-17.7071
320.622,235.362,12.7842,-17.7076
320.622,235.362,12.7849,-17.7085
320.622,235.362,12.7862,-17.7092
320.622,235.362,12.7869,-17.7101
320.622,235.362,12.788,-17.7109
320.622,235.362,12.789,-17.7117
320.622,235.362,12.7897,-17.7126
320.622,235.362,12.7906,-17.7135
320.735,238.553,13.2381,-17.7301
320.735,238.553,13.2388,-17.7311
318.694,241.394,13.5513,-17.4432
318.694,241.394,13.5521,-17.4442
318.285,241.962,13.4954,-17.4409
318.204,242.076,13.4008,-17.4785
318.204,242.076,13.4015,-17.4795
318.188,242.099,13.3245,-17.514
318.188,242.099,13.3253,-17.515
318.184,242.103,13.2694,-17.541
318.184,242.104,13.23,-17.5598
318.184,242.104,13.2308,-17.5608
318.418,239.243,12.8027,-17.6072
318.418,239.243,12.8035,-17.6081
316.687,236.51,12.4791,-17.3692
316.34,235.963,12.5173,-17.3701
316.34,235.963,12.518,-17.3711
312.738,235.16,12.5009,-16.911
312.738,235.16,12.5016,-16.9119
309.825,234.542,12.5037,-16.6326
307.462,234.337,12.5539,-16.4707
307.462,234.337,12.5546,-16.4716
305.785,234.623,12.6557,-16.4191
303.211,234.119,12.6203,-16.2318
303.211,234.119,12.621,-16.2327
300.503,234.048,12.6495,-16.0445
300.503,234.048,12.6502,-16.0454
298.649,233.739,12.636,-15.993
297.023,233.999,12.7013,-15.9606
297.023,233.999,12.702,-15.9615
295.326,233.79,12.6861,-15.9047
295.326,233.79,12.6868,-15.9056
294.551,233.779,12.7004,-15.9698
294.551,233.779,12.7011,-15.9707
294.336,234.448,12.806,-16.0827
292.789,233.771,12.7012,-15.9716
292.789,233.771,12.7019,-15.9725
292.659,233.271,12.6435,-16.0702
291.971,232.082,12.4987,-16.0587
291.971,232.082,12.4994,-16.0596
291.961,231.837,12.5126,-16.1365
292.959,233.027,12.7192,-16.3315
292.959,233.027,12.7199,-16.3324
291.748,233.912,12.84,-16.1749
291.748,233.912,12.8407,-16.1758
293.756,235.534,13.0415,-16.4982
294.157,235.859,13.0249,-16.5295
294.157,235.859,13.0256,-16.5304
292.239,234.493,12.7823,-16.2338
292.239,234.493,12.783,-16.2347
291.856,234.219,12.7455,-16.2134
291.779,234.165,12.7459,-16.236
291.779,234.165,12.7466,-16.2368
288.977,233.649,12.6817,-15.8701
286.372,230.575,12.2707,-15.5994
286.372,230.575,12.2714,-15.6002
283.625,227.448,11.9302,-15.3519
283.625,227.448,11.9308,-15.3528
280.899,223.223,11.4917,-15.1409
277.173,219.352,11.1707,-14.812
277.173,219.352,11.1713,-14.8128
272.398,215.298,10.8631,-14.38
272.398,215.298,10.8637,-14.3809
269.587,211.811,10.6666,-14.2816
269.587,211.811,10.6673,-14.2824
267.871,209.028,10.5758,-14.3241
270.669,206.561,10.5146,-14.9599
270.669,206.561,10.5152,-14.9607
275.476,204.762,10.5289,-15.7291
281.375,202.874,10.4992,-16.4924
281.375,202.874,10.4998,-16.4932
285.852,200.576,10.3935,-16.9172
285.852,200.576,10.3941,-16.918
291.958,197.649,10.1973,-17.5102
296.56,195.8,10.1669,-17.8061
296.56,195.8,10.1675,-17.807
303.157,194.574,10.2057,-18.3627
303.157,194.574,10.2063,-18.3636
310.053,194.518,10.3786,-18.8937
316.128,195.313,10.6178,-19.2537
316.128,195.313,10.6184,-19.2546
319.768,196.185,10.8087,-19.257
319.768,196.185,10.8092,-19.258
323.486,197.114,10.9636,-19.3256
326.988,197.414,10.9978,-19.3986
326.988,197.414,10.9984,-19.3996
331.063,197.356,10.9769,-19.5838
331.063,197.356,10.9775,-19.5847
334.774,197.152,10.9413,-19.7243
338.576,196.56,10.8588,-19.8906
338.576,196.56,10.8594,-19.8916
341.999,196.645,10.8876,-20.0123
344.507,196.55,10.8837,-20.0203
344.507,196.55,10.8843,-20.0213
345.324,194.937,10.6677,-19.8282
345.324,194.937,10.6682,-19.8293
345.13,191.291,10.2081,-19.5651
343.121,186.757,9.70711,-19.1233
343.121,186.757,9.70767,-19.1244
341.183,181.074,9.12826,-18.7954
339.809,176.455,8.78649,-18.6152
339.809,176.455,8.78702,-18.6162
339.025,171.908,8.48875,-18.5524
339.025,171.908,8.48926,-18.5534
338.376,167.39,8.21642,-18.5162
338.376,167.39,8.21692,-18.5173
339.049,164.97,8.25209,-18.6669
339.467,162.441,8.22525,-18.7463
339.467,162.441,8.22574,-18.7473
339.355,159.638,8.13076,-18.7353
338.821,155.95,7.89854,-18.6664
338.821,155.95,7.89901,-18.6674
336.462,151.207,7.53362,-18.356
336.462,151.207,7.53408,-18.357
334.091,146.876,7.26475,-18.1023
334.091,146.876,7.26519,-18.1033
332.827,144.439,7.27719,-18.0447
332.521,143.696,7.48626,-18.1191
332.521,143.696,7.48669,-18.1201
333.837,144.077,7.7794,-18.3949
333.837,144.077,7.77983,-18.3959
336.286,145.365,8.11748,-18.7671
338.909,146.408,8.33908,-19.0882
338.909,146.408,8.33951,-19.0892
341.451,146.302,8.34941,-19.3423
343.811,146.404,8.38406,-19.5325
343.811,146.404,8.3845,-19.5335
345.129,146.738,8.44296,-19.5565
345.129,146.738,8.4434,-19.5575
347.062,147.02,8.48224,-19.6798
348.639,148.463,8.67625,-19.7449
348.639,148.463,8.6767,-19.7459
350.051,149.469,8.77309,-19.7922
350.051,149.469,8.77354,-19.7933
352.08,150.683,8.8854,-19.9337
353.506,151.19,8.88294,-19.9783
353.506,151.19,8.88339,-19.9793
354.33,151.495,8.86125,-19.948
354.33,151.495,8.86171,-19.9491
355.988,151.145,8.75929,-20.0566
357.715,150.639,8.66045,-20.1666
357.715,150.639,8.6609,-20.1677
359.132,150.13,8.58395,-20.2276
359.132,150.13,8.5844,-20.2287
360.653,149.784,8.54595,-20.3068
361.455,149.311,8.49603,-20.2838
361.455,149.311,8.49648,-20.2849
362.642,148.487,8.40551,-20.3352
362.651,148.038,8.38205,-20.2237
362.651,148.038,8.3825,-20.2248
362.359,148.023,8.42037,-20.1048
362.359,148.023,8.42082,-20.1059
361.755,148.732,8.54841,-19.9744
359.992,149.627,8.67462,-19.7113
359.992,149.627,8.67507,-19.7123
358.095,151.117,8.86029,-19.4833
356.055,152.654,9.01907,-19.2748
356.055,152.654,9.01953,-19.2759
352.797,154.34,9.17464,-18.929
352.797,154.34,9.1751,-18.9301
348.634,155.579,9.24658,-18.5122
343.534,157.498,9.41056,-18.0262
343.534,157.498,9.41103,-18.0272
339.216,159.24,9.52991,-17.7203
335.527,161.072,9.652,-17.5291
335.527,161.072,9.65248,-17.5301
331.549,162.644,9.72928,-17.3008
331.549,162.644,9.72977,-17.3018
327.798,163.856,9.75682,-17.1136
324.313,165.727,9.88621,-16.9631
324.313,165.727,9.88671,-16.9641
320.364,167.487,9.99009,-16.7418
320.364,167.487,9.99059,-16.7428
315.2,168.356,9.96486,-16.3582
311.577,170.323,10.1136,-16.2275
311.577,170.323,10.1142,-16.2284
310.852,170.717,10.0277,-16.4886
310.707,170.795,9.92912,-16.7413
310.707,170.795,9.92964,-16.7422
310.678,170.811,9.85318,-16.9335
310.678,170.811,9.85369,-16.9344
310.672,170.814,9.7988,-17.0714
310.671,170.815,9.76022,-17.1681
310.671,170.815,9.76074,-17.169
310.671,170.815,9.73383,-17.2371
310.671,170.815,9.73434,-17.2381
310.671,170.815,9.71564,-17.286
310.671,170.815,9.70271,-17.3199
310.671,170.815,9.70322,-17.3208
310.671,170.815,9.69432,-17.3448
310.671,170.815,9.68824,-17.3619
310.671,170.815,9.68875,-17.3628
310.671,170.815,9.68465,-17.375
310.671,170.815,9.68516,-17.376
310.671,170.815,9.68245,-17.3848
310.671,170.815,9.68296,-17.3857
310.671,170.815,9.68121,-17.3922
310.671,170.815,9.68014,-17.397
310.671,170.815,9.68065,-17.3979
310.671,170.815,9.68006,-17.4016
310.671,170.815,9.67979,-17.4044
310.671,170.815,9.68031,-17.4053
310.671,170.815,9.68028,-17.4076
310.671,170.815,9.68079,-17.4085
310.671,170.815,9.68092,-17.4104
310.671,170.815,9.68117,-17.412
310.671,170.815,9.68168,-17.4129
310.671,170.815,9.68201,-17.4143
310.671,170.815,9.68252,-17.4152
310.671,170.815,9.6829,-17.4165
310.671,170.815,9.68332,-17.4176
310.671,170.815,9.68384,-17.4186
310.671,170.815,9.68428,-17.4197
310.671,170.815,9.68475,-17.4207
310.671,170.815,9.68526,-17.4216
310.671,170.815,9.68575,-17.4226
310.671,170.815,9.68626,-17.4236
310.671,170.815,9.68675,-17.4246
310.671,170.815,9.68725,-17.4255
310.671,170.815,9.68776,-17.4265
310.671,170.815,9.68826,-17.4274
310.671,170.815,9.68877,-17.4283
310.671,170.815,9.68928,-17.4293
310.671,170.815,9.68978,-17.4302
310.671,170.815,9.6903,-17.4312
310.671,170.815,9.69081,-17.4321
310.671,170.815,9.69132,-17.433
310.671,170.815,9.69183,-17.434
310.671,170.815,9.69234,-17.4349
310.671,170.815,9.69285,-17.4359
310.671,170.815,9.69336,-17.4368
310.671,170.815,9.69387,-17.4377
310.671,170.815,9.69439,-17.4387
310.671,170.815,9.6949,-17.4396
310.671,170.815,9.69541,-17.4405
310.671,170.815,9.69592,-17.4415
310.671,170.815,9.69643,-17.4424
310.671,170.815,9.69695,-17.4433
310.671,170.815,9.69746,-17.4442
310.671,170.815,9.69797,-17.4452
310.671,170.815,9.69848,-17.4461
310.671,170.815,9.699,-17.447
310.671,170.815,9.69951,-17.448
310.671,170.815,9.70002,-17.4489
310.671,170.815,9.70053,-17.4498
310.671,170.815,9.70105,-17.4508
310.671,170.815,9.70156,-17.4517
310.671,170.815,9.70207,-17.4526
310.671,170.815,9.70258,-17.4536
310.671,170.815,9.7031,-17.4545
310.671,170.815,9.70361,-17.4554
310.671,170.815,9.70412,-17.4564
310.671,170.815,9.70463,-17.4573
310.671,170.815,9.70515,-17.4582
310.671,170.815,9.70566,-17.4592
310.671,170.815,9.70617,-17.4601
310.671,170.815,9.70668,-17.461
310.671,170.815,9.70719,-17.462
310.671,170.815,9.70771,-17.4629
310.671,170.815,9.70822,-17.4638
310.671,170.815,9.70873,-17.4648
310.671,170.815,9.70924,-17.4657
310.671,170.815,9.70976,-17.4666
310.671,170.815,9.71027,-17.4676
310.671,170.815,9.71078,-17.4685
310.671,170.815,9.71129,-17.4694
310.671,170.815,9.71181,-17.4703
310.671,170.815,9.71232,-17.4713
310.671,170.815,9.71283,-17.4722
310.671,170.815,9.71334,-17.4731
310.671,170.815,9.71386,-17.4741
310.671,170.815,9.71437,-17.475
310.671,170.815,9.71488,-17.4759
310.671,170.815,9.71539,-17.4769
310.671,170.815,9.71591,-17.4778
310.671,170.815,9.71642,-17.4787
310.671,170.815,9.71693,-17.4797
310.671,170.815,9.71744,-17.4806
310.671,170.815,9.71796,-17.4815
310.671,170.815,9.71847,-17.4825
310.671,170.815,9.71898,-17.4834
310.671,170.815,9.71949,-17.4843
310.671,170.815,9.72001,-17.4853
310.671,170.815,9.72052,-17.4862
310.671,170.815,9.72103,-17.4871
310.671,170.815,9.72154,-17.4881
310.671,170.815,9.72206,-17.489
310.671,170.815,9.72257,-17.4899
310.671,170.815,9.72308,-17.4909
310.671,170.815,9.72359,-17.4918
310.671,170.815,9.72411,-17.4927
310.671,170.815,9.72462,-17.4936
310.671,170.815,9.72513,-17.4946
310.671,170.815,9.72564,-17.4955
310.671,170.815,9.72616,-17.4964
310.671,170.815,9.72667,-17.4974
310.671,170.815,9.72718,-17.4983
310.671,170.815,9.72769,-17.4992
310.671,170.815,9.72821,-17.5002
310.671,170.815,9.72872,-17.5011
310.671,170.815,9.72923,-17.502
310.671,170.815,9.72974,-17.503
310.671,170.815,9.73026,-17.5039
310.671,170.815,9.73077,-17.5048
310.671,170.815,9.73128,-17.5058
310.671,170.815,9.73179,-17.5067
310.671,170.815,9.7323,-17.5076
310.671,170.815,9.73282,-17.5086
310.671,170.815,9.73333,-17.5095
310.671,170.815,9.73384,-17.5104
310.671,170.815,9.73435,-17.5114
310.671,170.815,9.73487,-17.5123
310.671,170.815,9.73538,-17.5132
310.671,170.815,9.73589,-17.5142
310.671,170.815,9.7364,-17.5151
310.671,170.815,9.73692,-17.516
310.671,170.815,9.73743,-17.5169
310.671,170.815,9.73794,-17.5179
310.671,170.815,9.73845,-17.5188
310.671,170.815,9.73897,-17.5197
310.671,170.815,9.73948,-17.5207
310.671,170.815,9.73999,-17.5216
310.671,170.815,9.7405,-17.5225
310.671,170.815,9.74102,-17.5235
310.671,170.815,9.74153,-17.5244
310.671,170.815,9.74204,-17.5253
310.671,170.815,9.74255,-17.5263
310.671,170.815,9.74307,-17.5272
310.671,170.815,9.74358,-17.5281
310.671,170.815,9.74409,-17.5291
310.671,170.815,9.7446,-17.53
310.671,170.815,9.74512,-17.5309
310.671,170.815,9.74563,-17.5319
310.671,170.815,9.74614,-17.5328
310.671,170.815,9.74665,-17.5337
310.671,170.815,9.74717,-17.5347
310.671,170.815,9.74768,-17.5356
310.671,170.815,9.74819,-17.5365
310.671,170.815,9.7487,-17.5375
310.671,170.815,9.74922,-17.5384
310.671,170.815,9.74973,-17.5393
310.671,170.815,9.75024,-17.5402
310.671,170.815,9.75075,-17.5412
310.671,170.815,9.75127,-17.5421
310.671,170.815,9.75178,-17.543
310.671,170.815,9.75229,-17.544
310.671,170.815,9.7528,-17.5449
310.671,170.815,9.75332,-17.5458
310.671,170.815,9.75383,-17.5468
310.671,170.815,9.75434,-17.5477
310.671,170.815,9.75485,-17.5486
310.671,170.815,9.75536,-17.5496
310.671,170.815,9.75588,-17.5505
310.671,170.815,9.75639,-17.5514
310.671,170.815,9.7569,-17.5524
310.671,170.815,9.75741,-17.5533
310.671,170.815,9.75793,-17.5542
310.671,170.815,9.75844,-17.5552
310.671,170.815,9.75895,-17.5561
310.671,170.815,9.75946,-17.557
310.671,170.815,9.75998,-17.558
310.671,170.815,9.76049,-17.5589
310.671,170.815,9.761,-17.5598
310.671,170.815,9.76151,-17.5608
310.671,170.815,9.76203,-17.5617
310.671,170.815,9.76254,-17.5626
310.671,170.815,9.76305,-17.5635
310.671,170.815,9.76356,-17.5645
310.671,170.815,9.76408,-17.5654
310.671,170.815,9.76459,-17.5663
310.671,170.815,9.7651,-17.5673
310.671,170.815,9.76561,-17.5682
310.671,170.815,9.76613,-17.5691
310.671,170.815,9.76664,-17.5701
310.671,170.815,9.76715,-17.571
310.671,170.815,9.76766,-17.5719
310.671,170.815,9.76818,-17.5729
310.671,170.815,9.76869,-17.5738
310.671,170.815,9.7692,-17.5747
310.671,170.815,9.76971,-17.5757
310.671,170.815,9.77023,-17.5766
310.671,170.815,9.77074,-17.5775
310.671,170.815,9.77125,-17.5785
310.671,170.815,9.77176,-17.5794
310.671,170.815,9.77228,-17.5803
310.671,170.815,9.77279,-17.5813
310.671,170.815,9.7733,-17.5822
310.671,170.815,9.77381,-17.5831
310.671,170.815,9.77433,-17.5841
310.671,170.815,9.77484,-17.585
310.671,170.815,9.77535,-17.5859
310.671,170.815,9.77586,-17.5868
310.671,170.815,9.77638,-17.5878
310.671,170.815,9.77689,-17.5887
310.671,170.815,9.7774,-17.5896
310.671,170.815,9.77791,-17.5906
310.671,170.815,9.77842,-17.5915
310.671,170.815,9.77894,-17.5924
310.671,170.815,9.77945,-17.5934
310.671,170.815,9.77996,-17.5943
310.671,170.815,9.78047,-17.5952
310.671,170.815,9.78099,-17.5962
310.671,170.815,9.7815,-17.5971
310.671,170.815,9.78201,-17.598
310.671,170.815,9.78252,-17.599
310.671,170.815,9.78304,-17.5999
310.671,170.815,9.78355,-17.6008
310.671,170.815,9.78406,-17.6018
310.671,170.815,9.78457,-17.6027
310.671,170.815,9.78509,-17.6036
310.671,170.815,9.7856,-17.6046
310.671,170.815,9.78611,-17.6055
310.671,170.815,9.78662,-17.6064
310.671,170.815,9.78714,-17.6074
310.671,170.815,9.78765,-17.6083
310.671,170.815,9.78816,-17.6092
310.671,170.815,9.78867,-17.6101
310.671,170.815,9.78919,-17.6111
310.671,170.815,9.7897,-17.612
310.671,170.815,9.79021,-17.6129
310.671,170.815,9.79072,-17.6139
310.671,170.815,9.79124,-17.6148
310.671,170.815,9.79175,-17.6157
310.671,170.815,9.79226,-17.6167
310.671,170.815,9.79277,-17.6176
310.671,170.815,9.79329,-17.6185
310.671,170.815,9.7938,-17.6195
310.671,170.815,9.79431,-17.6204
310.671,170.815,9.79482,-17.6213
310.671,170.815,9.79534,-17.6223
310.671,170.815,9.79585,-17.6232
310.671,170.815,9.79636,-17.6241
310.671,170.815,9.79687,-17.6251
310.671,170.815,9.79739,-17.626
310.671,170.815,9.7979,-17.6269
310.671,170.815,9.79841,-17.6279
310.671,170.815,9.79892,-17.6288
310.671,170.815,9.79944,-17.6297
310.671,170.815,9.79995,-17.6307
310.671,170.815,9.80046,-17.6316
310.671,170.815,9.80097,-17.6325
310.671,170.815,9.80148,-17.6334
310.671,170.815,9.802,-17.6344
310.671,170.815,9.80251,-17.6353
310.671,170.815,9.80302,-17.6362
310.671,170.815,9.80353,-17.6372
310.671,170.815,9.80405,-17.6381
310.671,170.815,9.80456,-17.639
310.671,170.815,9.80507,-17.64
310.671,170.815,9.80558,-17.6409
310.671,170.815,9.8061,-17.6418
310.671,170.815,9.80661,-17.6428
310.671,170.815,9.80712,-17.6437
310.671,170.815,9.80763,-17.6446
310.671,170.815,9.80815,-17.6456
310.671,170.815,9.80866,-17.6465
310.671,170.815,9.80917,-17.6474
310.671,170.815,9.80968,-17.6484
310.671,170.815,9.8102,-17.6493
310.671,170.815,9.81071,-17.6502
310.671,170.815,9.81122,-17.6512
310.671,170.815,9.81173,-17.6521
310.671,170.815,9.81225,-17.653
310.671,170.815,9.81276,-17.654
310.671,170.815,9.81327,-17.6549
310.671,170.815,9.81378,-17.6558
310.671,170.815,9.8143,-17.6567
310.671,170.815,9.81481,-17.6577
310.671,170.815,9.81532,-17.6586
310.671,170.815,9.81583,-17.6595
310.671,170.815,9.81635,-17.6605
310.671,170.815,9.81686,-17.6614
310.671,170.815,9.81737,-17.6623
310.671,170.815,9.81788,-17.6633
310.671,170.815,9.8184,-17.6642
310.671,170.815,9.81891,-17.6651
310.671,170.815,9.81942,-17.6661
310.671,170.815,9.81993,-17.667
310.671,170.815,9.82045,-17.6679
310.671,170.815,9.82096,-17.6689
310.671,170.815,9.82147,-17.6698
310.671,170.815,9.82198,-17.6707
310.671,170.815,9.8225,-17.6717
310.671,170.815,9.82301,-17.6726
310.671,170.815,9.82352,-17.6735
310.671,170.815,9.82403,-17.6745
310.671,170.815,9.82454,-17.6754
310.671,170.815,9.82506,-17.6763
310.671,170.815,9.82557,-17.6773
310.671,170.815,9.82608,-17.6782
310.671,170.815,9.82659,-17.6791
310.671,170.815,9.82711,-17.68
310.671,170.815,9.82762,-17.681
310.671,170.815,9.82813,-17.6819
310.671,170.815,9.82864,-17.6828
310.671,170.815,9.82916,-17.6838
310.671,170.815,9.82967,-17.6847
310.671,170.815,9.83018,-17.6856
310.671,170.815,9.83069,-17.6866
310.671,170.815,9.83121,-17.6875
310.671,170.815,9.83172,-17.6884
310.671,170.815,9.83223,-17.6894
310.671,170.815,9.83274,-17.6903
310.671,170.815,9.83326,-17.6912
310.671,170.815,9.83377,-17.6922
310.671,170.815,9.83428,-17.6931
310.671,170.815,9.83479,-17.694
310.671,170.815,9.83531,-17.695
